 -0.791666627               0
 -0.784722209               1
 -0.708333313               0
 -0.701388896               1
 -0.625000000               0
 -0.618055582               1
 -0.541666627               0
 -0.534722209               1
 -0.458333343               0
 -0.451388896               1
 -0.375000000               0
 -0.368055552               1
 -0.291666687               0
 -0.284722239               1
 -0.208333328               0
 -0.201388881               1
 -0.125000000               0
 -0.118055552               1
  -4.16666679E-02           0
  -3.47222239E-02           1
   4.16666679E-02           0
   4.86111119E-02           1
  0.125000000               0
  0.131944448               1
  0.208333343               0
  0.215277791               1
  0.291666657               0
  0.298611104               1
  0.375000000               0
  0.381944448               1
  0.458333313               0
  0.465277761               1
  0.541666687               0
  0.548611104               1
  0.625000000               0
  0.631944418               1
  0.708333373               0
  0.715277791               1
  0.791666687               0
  0.798611104               1
  0.875000000               0
  0.881944418               1
  0.958333373               0
  0.965277791               1
   1.04166663               0
   1.04861104               1
   1.12500000               0
   1.13194442               1
   1.20833325               0
   1.21527767               1
   1.29166663               0
   1.29861104               1
   1.37500000               0
   1.38194442               1
   1.45833325               0
   1.46527767               1
   1.54166663               0
   1.54861104               1
   1.62500000               0
   1.63194442               1
   1.70833325               0
   1.71527767               1
   1.79166663               0
   1.79861104               1
   1.87500000               0
   1.88194442               1
   1.95833325               0
   1.96527767               1
   2.04166675               0
   2.04861116               1
   2.12500000               0
   2.13194442               1
   2.20833349               0
   2.21527791               1
   2.29166675               0
   2.29861116               1
   2.37500000               0
   2.38194442               1
   2.45833349               0
   2.46527791               1
   2.54166675               0
   2.54861116               1
   2.62500000               0
   2.63194442               1
   2.70833349               0
   2.71527791               1
   2.79166675               0
   2.79861116               1
   2.87500000               0
   2.88194442               1
   2.95833349               0
   2.96527791               1
   3.04166675               0
   3.04861116               1
   3.12500000               0
   3.13194442               1
   3.20833349               0
   3.21527791               1
   3.29166675               0
   3.29861116               1
   3.37500000               0
   3.38194442               1
   3.45833349               0
   3.46527791               1
  #3.54166675               0
  #3.54861116               1
   3.62500000               0
   3.63194442               1
   3.70833349               0
   3.71527791               1
   3.79166675               0
   3.79861116               1
   3.87500000               0
   3.88194442               1
   3.95833349               0
   3.96527791               1
   4.04166651               0
   4.04861116               1
   4.12500000               0
   4.13194466               1
   4.20833302               0
   4.21527767               1
   4.29166651               0
   4.29861116               1
   4.37500000               0
   4.38194466               1
   4.45833302               0
   4.46527767               1
   4.54166651               0
   4.54861116               1
   4.62500000               0
   4.63194466               1
   4.70833302               0
   4.71527767               1
   4.79166651               0
   4.79861116               1
   4.87500000               0
   4.88194466               1
   4.95833302               0
   4.96527767               1
   5.04166651               0
   5.04861116               1
   5.12500000               0
   5.13194466               1
   5.20833302               0
   5.21527767               1
   5.29166651               0
   5.29861116               1
   5.37500000               0
   5.38194466               1
   5.45833302               0
   5.46527767               1
   5.54166651               0
   5.54861116               1
   5.62500000               0
   5.63194466               1
   5.70833302               0
   5.71527767               1
   5.79166651               0
   5.79861116               1
   5.87500000               0
   5.88194466               1
   5.95833302               0
   5.96527767               1
   6.04166651               0
   6.04861116               1
   6.12500000               0
   6.13194466               1
   6.20833302               0
   6.21527767               1
   6.29166651               0
   6.29861116               1
   6.37500000               0
   6.38194466               1
   6.45833302               0
   6.46527767               1
   6.54166651               0
   6.54861116               1
   6.62500000               0
   6.63194466               1
   6.70833302               0
   6.71527767               1
   6.79166651               0
   6.79861116               1
   6.87500000               0
   6.88194466               1
   6.95833302               0
   6.96527767               1
   7.04166651               0
   7.04861116               1
   7.12500000               0
   7.13194466               1
   7.20833302               0
   7.21527767               1
   7.29166651               0
   7.29861116               1
   7.37500000               0
   7.38194466               1
   7.45833302               0
   7.46527767               1
   7.54166651               0
   7.54861116               1
   7.62500000               0
   7.63194466               1
   7.70833302               0
   7.71527767               1
   7.79166651               0
   7.79861116               1
   7.87500000               0
   7.88194466               1
   7.95833302               0
   7.96527767               1
   8.04166698               0
   8.04861164               1
   8.12500000               0
   8.13194466               1
   8.20833397               0
   8.21527863               1
   8.29166698               0
   8.29861164               1
   8.37500000               0
   8.38194466               1
   8.45833397               0
   8.46527863               1
   8.54166698               0
   8.54861164               1
   8.62500000               0
   8.63194466               1
   8.70833397               0
   8.71527863               1
   8.79166698               0
   8.79861164               1
   8.87500000               0
   8.88194466               1
   8.95833397               0
   8.96527863               1
   9.04166698               0
   9.04861164               1
   9.12500000               0
   9.13194466               1
   9.20833397               0
   9.21527863               1
   9.29166698               0
   9.29861164               1
   9.37500000               0
   9.38194466               1
   9.45833397               0
   9.46527863               1
   9.54166698               0
   9.54861164               1
   9.62500000               0
   9.63194466               1
   9.70833397               0
   9.71527863               1
   9.79166698               0
   9.79861164               1
   9.87500000               0
   9.88194466               1
   9.95833397               0
   9.96527863               1
   10.0416670               0
   10.0486116               1
   10.1250000               0
   10.1319447               1
   10.2083340               0
   10.2152786               1
   10.2916670               0
   10.2986116               1
   10.3750000               0
   10.3819447               1
   10.4583340               0
   10.4652786               1
   10.5416670               0
   10.5486116               1
   10.6250000               0
   10.6319447               1
   10.7083340               0
   10.7152786               1
   10.7916670               0
   10.7986116               1
   10.8750000               0
   10.8819447               1
   10.9583340               0
   10.9652786               1
   11.0416670               0
   11.0486116               1
   11.1250000               0
   11.1319447               1
   11.2083340               0
   11.2152786               1
   11.2916670               0
   11.2986116               1
   11.3750000               0
   11.3819447               1
   11.4583340               0
   11.4652786               1
   11.5416670               0
   11.5486116               1
   11.6250000               0
   11.6319447               1
   11.7083340               0
   11.7152786               1
   11.7916670               0
   11.7986116               1
   11.8750000               0
   11.8819447               1
   11.9583340               0
   11.9652786               1
   12.0416670               0
   12.0486116               1
   12.1250000               0
   12.1319447               1
   12.2083340               0
   12.2152786               1
   12.2916670               0
   12.2986116               1
   12.3750000               0
   12.3819447               1
   12.4583340               0
   12.4652786               1
   12.5416670               0
   12.5486116               1
   12.6250000               0
   12.6319447               1
   12.7083340               0
   12.7152786               1
   12.7916670               0
   12.7986116               1
   12.8750000               0
   12.8819447               1
   12.9583340               0
   12.9652786               1
   13.0416670               0
   13.0486116               1
   13.1250000               0
   13.1319447               1
   13.2083340               0
   13.2152786               1
   13.2916670               0
   13.2986116               1
   13.3750000               0
   13.3819447               1
   13.4583340               0
   13.4652786               1
   13.5416670               0
   13.5486116               1
   13.6250000               0
   13.6319447               1
   13.7083340               0
   13.7152786               1
   13.7916670               0
   13.7986116               1
   13.8750000               0
   13.8819447               1
   13.9583340               0
   13.9652786               1
   14.0416670               0
   14.0486116               1
   14.1250000               0
   14.1319447               1
   14.2083340               0
   14.2152786               1
   14.2916670               0
   14.2986116               1
   14.3750000               0
   14.3819447               1
   14.4583340               0
   14.4652786               1
   14.5416670               0
   14.5486116               1
   14.6250000               0
   14.6319447               1
   14.7083340               0
   14.7152786               1
   14.7916670               0
   14.7986116               1
   14.8750000               0
   14.8819447               1
   14.9583340               0
   14.9652786               1
   15.0416670               0
   15.0486116               1
   15.1250000               0
   15.1319447               1
   15.2083340               0
   15.2152786               1
   15.2916670               0
   15.2986116               1
   15.3750000               0
   15.3819447               1
   15.4583340               0
   15.4652786               1
   15.5416670               0
   15.5486116               1
   15.6250000               0
   15.6319447               1
   15.7083340               0
   15.7152786               1
   15.7916670               0
   15.7986116               1
   15.8750000               0
   15.8819447               1
   15.9583340               0
   15.9652786               1
   16.0416660               0
   16.0486107               1
   16.1250000               0
   16.1319447               1
   16.2083321               0
   16.2152767               1
   16.2916660               0
   16.2986107               1
   16.3750000               0
   16.3819447               1
   16.4583321               0
   16.4652767               1
   16.5416660               0
   16.5486107               1
   16.6250000               0
   16.6319447               1
   16.7083321               0
   16.7152767               1
   16.7916660               0
   16.7986107               1
   16.8750000               0
   16.8819447               1
   16.9583321               0
   16.9652767               1
   17.0416660               0
   17.0486107               1
   17.1250000               0
   17.1319447               1
   17.2083321               0
   17.2152767               1
   17.2916660               0
   17.2986107               1
   17.3750000               0
   17.3819447               1
   17.4583321               0
   17.4652767               1
   17.5416660               0
   17.5486107               1
   17.6250000               0
   17.6319447               1
   17.7083321               0
   17.7152767               1
   17.7916660               0
   17.7986107               1
   17.8750000               0
   17.8819447               1
   17.9583321               0
   17.9652767               1
   18.0416660               0
   18.0486107               1
   18.1250000               0
   18.1319447               1
   18.2083321               0
   18.2152767               1
   18.2916660               0
   18.2986107               1
   18.3750000               0
   18.3819447               1
   18.4583321               0
   18.4652767               1
   18.5416660               0
   18.5486107               1
   18.6250000               0
   18.6319447               1
   18.7083321               0
   18.7152767               1
   18.7916660               0
   18.7986107               1
   18.8750000               0
   18.8819447               1
   18.9583321               0
   18.9652767               1
   19.0416660               0
   19.0486107               1
   19.1250000               0
   19.1319447               1
   19.2083321               0
   19.2152767               1
   19.2916660               0
   19.2986107               1
   19.3750000               0
   19.3819447               1
   19.4583321               0
   19.4652767               1
   19.5416660               0
   19.5486107               1
   19.6250000               0
   19.6319447               1
   19.7083321               0
   19.7152767               1
   19.7916660               0
   19.7986107               1
   19.8750000               0
   19.8819447               1
   19.9583321               0
   19.9652767               1
   20.0416660               0
   20.0486107               1
   20.1250000               0
   20.1319447               1
   20.2083321               0
   20.2152767               1
   20.2916660               0
   20.2986107               1
   20.3750000               0
   20.3819447               1
   20.4583321               0
   20.4652767               1
   20.5416660               0
   20.5486107               1
   20.6250000               0
   20.6319447               1
   20.7083321               0
   20.7152767               1
   20.7916660               0
   20.7986107               1
   20.8750000               0
   20.8819447               1
   20.9583321               0
   20.9652767               1
   21.0416660               0
   21.0486107               1
   21.1250000               0
   21.1319447               1
   21.2083321               0
   21.2152767               1
   21.2916660               0
   21.2986107               1
   21.3750000               0
   21.3819447               1
   21.4583321               0
   21.4652767               1
   21.5416660               0
   21.5486107               1
   21.6250000               0
   21.6319447               1
   21.7083321               0
   21.7152767               1
   21.7916660               0
   21.7986107               1
   21.8750000               0
   21.8819447               1
   21.9583321               0
   21.9652767               1
   22.0416660               0
   22.0486107               1
   22.1250000               0
   22.1319447               1
   22.2083321               0
   22.2152767               1
   22.2916660               0
   22.2986107               1
   22.3750000               0
   22.3819447               1
   22.4583321               0
   22.4652767               1
   22.5416660               0
   22.5486107               1
   22.6250000               0
   22.6319447               1
   22.7083321               0
   22.7152767               1
   22.7916660               0
   22.7986107               1
   22.8750000               0
   22.8819447               1
   22.9583321               0
   22.9652767               1
   23.0416660               0
   23.0486107               1
   23.1250000               0
   23.1319447               1
   23.2083321               0
   23.2152767               1
   23.2916660               0
   23.2986107               1
   23.3750000               0
   23.3819447               1
   23.4583321               0
   23.4652767               1
   23.5416660               0
   23.5486107               1
   23.6250000               0
   23.6319447               1
   23.7083321               0
   23.7152767               1
   23.7916660               0
   23.7986107               1
   23.8750000               0
   23.8819447               1
   23.9583321               0
   23.9652767               1
   24.0416660               0
   24.0486107               1
