0.623796 7.588281
0.627361 7.588281
0.630903 7.606695
0.634433 7.606695
0.637975 7.625427
0.641505 7.64462
0.645069 7.661434
0.648611 7.66335
0.652141 7.682069
0.655683 7.68252
0.659225 7.701758
0.662789 7.703213
0.666319 7.72049
0.669861 7.72049
0.673391 7.739753
0.676933 7.739753
0.680498 7.748868
0.684039 7.758987
0.687569 7.758987
0.691111 7.761415
0.694641 7.77824
0.698218 7.778755
0.701748 7.77824
0.705289 7.798088
0.708819 7.79756
0.712361 7.798088
0.715926 7.811062
0.719468 7.817392
0.722998 7.817392
0.726539 7.817392
0.730069 7.817928
0.733634 7.834782
0.737176 7.836763
0.740706 7.836763
0.744248 7.836763
0.747778 7.836763
0.751354 7.836763
0.754884 7.837312
0.758426 7.828983
0.761956 7.817928
0.765498 7.817392
0.769062 7.817392
0.772604 7.817392
0.776134 7.817392
0.779676 7.817392
0.783206 7.815461
0.786782 7.798088
0.790312 7.798088
0.793843 7.798088
0.797384 7.798088
0.800914 7.798611
0.804491 7.798088
0.808021 7.796159
0.811562 7.778755
0.815093 7.77824
0.818634 7.778755
0.822199 7.778755
0.825741 7.778755
0.829271 7.778755
0.832812 7.778755
0.836343 7.779266
0.839919 7.779266
0.843449 7.778755
0.846991 7.771047
0.850521 7.759489
0.854062 7.759987
0.857627 7.759489
0.861157 7.759489
0.864699 7.759489
0.868229 7.758987
0.871771 7.759489
0.875336 7.759489
0.878877 7.759489
0.882407 7.759489
0.885949 7.759489
0.889479 7.759489
0.893056 7.759987
0.896586 7.759489
0.900127 7.759489
0.903657 7.759489
0.907199 7.759987
0.910764 7.759489
0.914294 7.759987
0.917836 7.740243
0.921366 7.740243
0.924907 7.740243
0.928472 7.740243
0.932014 7.740243
0.935544 7.740243
0.939086 7.740243
0.942616 7.739753
0.946192 7.739753
0.949722 7.740243
0.953264 7.740728
0.956794 7.740243
0.960336 7.739753
0.9639 7.740243
0.967431 7.740243
0.970972 7.740243
0.974502 7.740243
0.978044 7.740243
0.981609 7.740243
0.98515 7.740243
0.988681 7.740243
0.992222 7.740243
0.995752 7.740243
0.999329 7.739753
1.002859 7.740243
1.0064 7.740243
1.009931 7.740243
1.013507 7.740728
1.017037 7.740243
1.020567 7.740243
1.024109 7.740243
1.027639 7.740243
1.031215 7.740243
1.034745 7.738319
1.038287 7.738319
1.041817 7.740728
1.045359 7.740243
1.048889 7.740243
1.052465 7.740243
1.055995 7.740243
1.059537 7.740243
1.063067 7.738319
1.066644 7.739753
1.070174 7.740243
1.073715 7.740243
1.077245 7.738319
1.080787 7.739753
1.084352 7.740243
1.087894 7.740243
1.091424 7.740243
1.094965 7.740243
1.098495 7.740243
1.10206 7.740243
1.105602 7.740243
1.109132 7.739753
1.112674 7.740243
1.116204 7.740243
1.11978 7.739753
1.12331 7.72049
1.126852 7.720967
1.130382 7.72049
1.133924 7.720967
1.137488 7.730095
1.14103 7.72049
1.14456 7.720967
1.148102 7.720967
1.151632 7.72049
1.155208 7.720967
1.158738 7.720967
1.16228 7.720967
1.16581 7.720967
1.16934 7.720967
1.172882 7.720967
1.176447 7.720967
1.179988 7.720967
1.183519 7.72049
1.18706 7.72049
1.19059 7.721439
1.194167 7.720967
1.197697 7.72049
1.201238 7.72049
1.204769 7.720967
1.20831 7.720967
1.211875 7.720967
1.215405 7.720967
1.218947 7.720967
1.222477 7.720967
1.226019 7.720967
1.229583 7.72049
1.233125 7.720967
1.236655 7.720967
1.240197 7.720967
1.243727 7.715202
1.247303 7.715202
1.250833 7.71136
1.254375 7.707519
1.257905 7.719045
1.261447 7.720967
1.265012 7.720967
1.268542 7.736396
1.272083 7.739753
1.275613 7.739753
1.279155 7.759489
1.28272 7.759489
1.286262 7.761415
1.289792 7.778755
1.293333 7.779266
1.296863 7.798088
1.30044 7.798088
1.30397 7.817392
1.307512 7.817392
1.311042 7.820712
1.314583 7.836763
1.318148 7.836763
1.321678 7.856105
1.32522 7.855539
1.32875 7.874887
1.332292 7.874887
1.335856 7.878759
1.339398 7.894303
1.342928 7.894894
1.34647 7.905184
1.350035 7.914293
1.353576 7.914293
1.357106 7.914293
1.360648 7.933711
1.364178 7.933711
1.367755 7.933711
1.371285 7.951252
1.374826 7.953197
1.378356 7.953197
1.381898 7.972653
1.385428 7.972653
1.388993 7.97329
1.392535 7.972653
1.396065 7.988928
1.399606 7.992177
1.403137 7.992177
1.406713 7.992177
1.410243 8.00582
1.413785 8.012334
1.417315 8.011671
1.420856 8.019473
1.424421 8.031859
1.427963 8.031859
1.431493 8.031859
1.435023 8.046857
1.438565 8.050764
1.44213 8.051453
1.445671 8.050764
1.449201 8.050764
1.452743 8.070316
1.456273 8.070316
1.45985 8.070316
1.46338 8.070316
1.466921 8.090649
1.470451 8.089935
1.473993 8.089935
1.477558 8.089935
1.481088 8.107564
1.48463 8.109524
1.48816 8.109524
1.491701 8.109524
1.495266 8.127909
1.498808 8.129872
1.502338 8.129132
1.50588 8.129872
1.509444 8.129132
1.512986 8.129132
1.516516 8.135067
1.520058 8.149561
1.523588 8.148808
1.527164 8.149561
1.530694 8.148808
1.534236 8.168454
1.537766 8.16922
1.541308 8.168454
1.544873 8.172386
1.548403 8.188169
1.551944 8.188169
1.555475 8.188169
1.559016 8.188169
1.562581 8.207853
1.566123 8.207853
1.569653 8.207853
1.573194 8.208645
1.576725 8.208645
1.580301 8.207853
1.583831 8.207853
1.587373 8.2185
1.590903 8.227556
1.594444 8.227556
1.598009 8.227556
1.601539 8.227556
1.605081 8.228715
1.608611 8.244531
1.612153 8.247328
1.615718 8.246503
1.619259 8.247328
1.622789 8.247328
1.626331 8.251274
1.629861 8.265094
1.633437 8.267069
1.636968 8.267069
1.640509 8.267069
1.644039 8.267069
1.647581 8.287722
1.651146 8.286879
1.654676 8.286879
1.658218 8.286879
1.661748 8.287722
1.665289 8.290833
1.668854 8.304679
1.672396 8.306658
1.675926 8.306658
1.679468 8.306658
1.682998 8.307515
1.686574 8.307515
1.690104 8.306658
1.693646 8.306658
1.697176 8.308637
1.700718 8.324476
1.704248 8.326456
1.707812 8.327326
1.711354 8.326456
1.714884 8.326456
1.718426 8.326456
1.721956 8.326456
1.725532 8.327326
1.729062 8.326456
1.732604 8.326456
1.736134 8.326456
1.739711 8.326456
1.743241 8.327326
1.746782 8.326456
1.750313 8.326456
1.753854 8.317418
1.757419 8.306658
1.760961 8.306658
1.764491 8.307515
1.768021 8.296766
1.771562 8.286879
1.775127 8.286879
1.778669 8.280899
1.782199 8.267069
1.785741 8.267069
1.789271 8.25407
1.792847 8.248145
1.796377 8.248145
1.799919 8.243382
1.803449 8.227556
1.806991 8.227556
1.810556 8.228361
1.814097 8.207853
1.817627 8.207853
1.821169 8.208645
1.824699 8.206674
1.828264 8.188169
1.831806 8.188169
1.835336 8.188169
1.838877 8.168454
1.842407 8.168454
1.845984 8.168454
1.849514 8.148808
1.853056 8.148808
1.856586 8.148808
1.860127 8.130346
1.863657 8.129132
1.867234 8.129132
1.870764 8.128385
1.874306 8.110251
1.877836 8.10879
1.881377 8.109524
1.884942 8.089935
1.888472 8.089935
1.892014 8.089214
1.895544 8.076185
1.89912 8.070316
1.90265 8.070316
1.906192 8.065699
1.909722 8.05007
1.913264 8.050764
1.916794 8.051453
1.92037 8.033136
1.9239 8.031184
1.927442 8.031184
1.930972 8.031184
1.934537 8.017522
1.938079 8.011671
1.941609 8.011671
1.94515 7.995415
1.948681 7.992177
1.952222 7.992177
1.955787 7.992177
1.959329 7.974599
1.962859 7.972653
1.9664 7.972653
1.969965 7.972653
1.973507 7.952567
1.977037 7.952567
1.980579 7.952567
1.984109 7.933711
1.987674 7.933094
1.991215 7.933711
1.994745 7.92727
1.998287 7.914293
2.001817 7.913689
2.005394 7.914293
2.008924 7.913689
2.012465 7.894303
2.015995 7.894894
2.019537 7.894303
2.023102 7.891017
2.026644 7.874887
2.030174 7.875466
2.033715 7.874887
2.037245 7.861911
2.040822 7.855539
2.044352 7.855539
2.047894 7.856105
2.051424 7.836763
2.054965 7.836763
2.05853 7.83621
2.062072 7.836763
2.065602 7.819323
2.069144 7.816852
2.072674 7.817392
2.07625 7.816852
2.07978 7.816852
2.083322 7.799489
2.086852 7.798088
2.090382 7.79756
2.093958 7.798088
2.097488 7.780683
2.10103 7.77824
2.10456 7.778755
2.108102 7.77824
2.111667 7.77824
2.115208 7.762836
2.118738 7.758987
2.12228 7.758987
2.12581 7.758987
2.129387 7.759489
2.132917 7.755639
2.136458 7.739753
2.139988 7.740243
2.14353 7.739753
2.147095 7.739753
2.150625 7.739753
2.154167 7.732017
2.157697 7.720967
2.161238 7.72049
2.164803 7.72049
2.168345 7.72049
2.171875 7.72049
2.175417 7.70897
2.178947 7.701294
2.182523 7.701758
2.186053 7.701294
2.189595 7.701294
2.193125 7.701294
2.196667 7.689786
2.200231 7.68252
2.203773 7.68252
2.207303 7.68252
2.210845 7.682069
2.214375 7.68252
2.21794 7.682069
2.221481 7.667182
2.225012 7.66335
2.228553 7.662911
2.232083 7.662911
2.23566 7.653339
2.23919 7.643772
2.242731 7.644198
2.246262 7.624604
2.249803 7.624604
2.253368 7.625017
2.25691 7.611231
2.26044 7.609725
2.263981 7.624604
2.267512 7.624604
2.271088 7.625017
2.274618 7.625017
2.27816 7.644198
2.28169 7.644198
2.285231 7.66335
2.288796 7.66335
2.292326 7.68252
2.295868 7.682069
2.299398 7.701294
2.30294 7.712809
2.306505 7.720967
2.310046 7.740728
2.313576 7.759489
2.317118 7.758987
2.320648 7.77824
2.324225 7.778755
2.327755 7.798088
2.331296 7.811062
2.334826 7.817392
2.338368 7.816852
2.341933 7.836763
2.345475 7.836763
2.349005 7.836763
2.352546 7.855539
2.356076 7.855539
2.359653 7.874887
2.363183 7.875466
2.366725 7.882632
2.370255 7.894894
2.373785 7.913689
2.377361 7.912353
2.380891 7.914293
2.384433 7.914293
2.387963 7.913689
2.391505 7.911749
2.395069 7.913689
2.398611 7.914293
2.402141 7.914293
2.405683 7.913689
2.409213 7.914893
2.412789 7.914293
2.416319 7.914893
2.41985 7.914293
2.423391 7.914293
2.426921 7.914293
2.430498 7.914293
2.434028 7.914293
2.437569 7.914293
2.4411 7.913689
2.444641 7.914293
2.448206 7.914293
2.451748 7.914293
2.455278 7.914293
2.458819 7.913689
2.46235 7.914293
2.465914 7.914293
2.469456 7.914893
2.472986 7.914293
2.476528 7.914293
2.480058 7.916234
2.483634 7.916234
2.487164 7.931769
2.490706 7.929826
2.494236 7.933711
2.497778 7.933094
2.501343 7.953197
2.504884 7.953197
2.508414 7.972653
2.511956 7.953197
2.515486 7.952567
2.519062 7.952567
2.522593 7.953197
2.526134 7.953197
2.529664 7.953197
2.533229 7.953197
2.536771 7.952567
2.540301 7.953197
2.543843 7.951252
2.547373 7.953197
2.550949 7.944795
2.554479 7.94542
2.558021 7.933711
2.561551 7.937026
2.565093 7.939589
2.568657 7.943476
2.572199 7.935703
2.575729 7.933094
2.579271 7.933094
2.582801 7.933094
2.586366 7.933711
2.589907 7.933711
2.593437 7.933711
2.596979 7.933711
2.600509 7.933711
2.604051 7.934323
2.607616 7.933711
2.611157 7.933711
2.614688 7.933711
2.618229 7.933711
2.621759 7.933711
2.625336 7.933711
2.628866 7.922058
2.632407 7.933711
2.635937 7.931769
2.639479 7.919508
2.643044 7.914293
2.646574 7.914293
2.650116 7.914893
2.653646 7.914293
2.657188 7.914293
2.660752 7.914293
2.664294 7.914293
2.667824 7.914293
2.671366 7.914893
2.674896 7.906531
2.678472 7.914893
2.682002 7.934323
2.685544 7.933711
2.689074 7.914293
2.692616 7.914293
2.696181 7.907126
2.699711 7.894894
2.703252 7.885202
2.706782 7.875466
2.710359 7.856105
2.713889 7.856105
2.717431 7.836763
2.720961 7.817928
2.724502 7.817392
2.728067 7.798088
2.731609 7.798088
2.735139 7.778755
2.738681 7.759489
2.742211 7.740243
2.745787 7.701294
2.749317 7.682069
2.752859 7.663784
2.756389 7.625017
2.759931 7.606301
2.763495 7.567686
2.767025 7.529544
2.770567 7.470601
2.774097 7.434832
2.777639 7.415896
2.781169 7.396719
2.784745 7.377786
2.788275 7.368351
2.791817 7.35892
2.795347 7.340248
2.798889 7.340025
2.802454 7.340025
2.805995 7.340248
2.809525 7.340025
2.813067 7.35892
2.816597 7.378034
2.820162 7.411841
2.823704 7.434547
2.827234 7.472808
2.830775 7.510526
2.834306 7.548629
2.837882 7.587146
2.841412 7.606301
2.844954 7.625017
2.848484 7.644198
2.852025 7.663784
2.85559 7.68252
2.859132 7.68252
2.862662 7.690242
2.866192 7.701758
2.869734 7.701758
2.873299 7.719045
2.87684 7.720967
2.88037 7.720967
2.883912 7.720967
2.887442 7.721439
2.891019 7.720967
2.894549 7.720967
2.89809 7.701758
2.90162 7.701758
2.905162 7.720967
2.908727 7.720967
2.912257 7.720967
2.915799 7.728656
2.919329 7.740728
2.92287 7.740243
2.926435 7.740243
2.929977 7.740243
2.933507 7.740243
2.937049 7.757063
2.940579 7.759489
2.944155 7.759489
2.947685 7.759489
2.951227 7.759489
2.954757 7.759489
2.958299 7.759489
2.961863 7.759489
2.965394 7.759489
2.968935 7.759489
2.972465 7.759489
2.976007 7.758987
2.979572 7.758987
2.983113 7.759489
2.986644 7.759489
2.990185 7.759489
2.993715 7.759489
2.997292 7.759489
3.000822 7.759489
3.004363 7.759489
3.007894 7.759489
3.011458 7.761415
3.015 7.760912
3.01853 7.760912
3.022072 7.764761
3.025602 7.76912
3.029144 7.763341
3.032708 7.759489
3.03625 7.759489
3.03978 7.759489
3.043322 7.763341
3.046852 7.759489
3.050428 7.759489
3.053958 7.758987
3.0575 7.758987
3.06103 7.759489
3.064572 7.758987
3.068137 7.759489
3.071667 7.758987
3.075208 7.758987
3.078738 7.759489
3.08228 7.758987
3.085845 7.759489
3.089398 7.758987
3.092928 7.758987
3.096458 7.759489
3.100035 7.758987
3.103565 7.759489
3.107106 7.759489
3.110637 7.759489
3.114178 7.758987
3.117743 7.758987
3.121285 7.758987
3.124815 7.759489
3.128356 7.746015
3.131887 7.739753
3.135463 7.742166
3.138993 7.739753
3.142535 7.739753
3.146065 7.739753
3.149606 7.740243
3.153171 7.739753
3.156701 7.739753
3.160243 7.739753
3.163773 7.739753
3.167315 7.740243
3.17088 7.740243
3.174421 7.739753
3.177951 7.740243
3.181493 7.739753
3.185023 7.739753
3.1886 7.739753
3.19213 7.722411
3.195671 7.72049
3.199201 7.72049
3.202743 7.720967
3.206308 7.72049
3.20985 7.720967
3.21338 7.72049
3.216921 7.72049
3.220451 7.72049
3.224016 7.720967
3.227558 7.72049
3.231088 7.72049
3.23463 7.72049
3.23816 7.72049
3.241736 7.72049
3.245266 7.72049
3.248808 7.72049
3.252338 7.720967
3.25588 7.72049
3.259444 7.72049
3.262986 7.732017
3.266516 7.739753
3.270058 7.740243
3.273588 7.740243
3.277164 7.758987
3.280694 7.759489
3.284236 7.758987
3.287766 7.778755
3.291308 7.77824
3.294873 7.798088
3.298403 7.79756
3.301944 7.816852
3.305475 7.816852
3.309016 7.836763
3.312581 7.836763
3.316123 7.856105
3.319664 7.855539
3.323206 7.85804
3.326736 7.875466
3.330312 7.875466
3.333854 7.894894
3.337396 7.894894
3.340937 7.894894
3.344514 7.896833
3.348044 7.913689
3.351586 7.913689
3.355127 7.914293
3.358669 7.933711
3.362234 7.953197
3.365775 7.953197
3.369317 7.955142
3.372859 7.972653
3.3764 7.972653
3.379977 7.972653
3.383507 7.98828
3.387049 7.992827
3.390602 7.992827
3.394178 7.992177
3.397708 8.011671
3.40125 8.011671
3.40478 8.011671
3.408322 8.031184
3.411898 8.031184
3.41544 8.031184
3.41897 8.031184
3.422512 8.050764
3.426042 8.050764
3.429606 8.050764
3.433148 8.050764
3.436678 8.050764
3.44022 8.050764
3.443762 8.058583
3.447326 8.070316
3.450868 8.072975
3.45441 8.087977
3.457951 8.089935
3.461516 8.089935
3.465058 8.101686
3.4686 8.110251
3.472141 8.109524
3.475683 8.112212
3.479259 8.129872
3.482801 8.129872
3.486343 8.129132
3.489884 8.133056
3.493414 8.149561
3.496991 8.148808
3.500532 8.148808
3.504062 8.148808
3.507593 8.149561
3.511134 8.148808
3.514699 8.148808
3.518241 8.16922
3.521771 8.168454
3.525313 8.168454
3.528843 8.188169
3.532419 8.188169
3.535949 8.188169
3.539491 8.207853
3.543021 8.207853
3.546562 8.227556
3.550127 8.227556
3.553669 8.227556
3.557199 8.228361
3.560741 8.227556
3.564306 8.227556
3.567847 8.227556
3.571377 8.247328
3.574919 8.227556
3.578461 8.248145
3.582025 8.247328
3.585567 8.265094
3.589097 8.247328
3.592639 8.248145
3.596181 8.278923
3.599745 8.286879
3.603287 8.267069
3.606817 8.272995
3.610359 8.267069
3.6139 8.277784
3.617477 8.286879
3.621007 8.286879
3.624549 8.286879
3.628079 8.286879
3.63162 8.286879
3.635185 8.306658
3.638727 8.307515
3.642257 8.306658
3.645799 8.286879
3.649329 8.306658
3.652905 8.306658
3.656435 8.307515
3.659977 8.286879
3.663507 8.287722
3.667049 8.287722
3.670613 8.288856
3.674144 8.286879
3.677685 8.286879
3.681227 8.298744
3.684757 8.286879
3.688333 8.286879
3.691875 8.286879
3.695405 8.2679
3.698947 8.267069
3.702523 8.265094
3.706053 8.247328
3.709595 8.248145
3.713137 8.242223
3.716667 8.227556
3.720243 8.208645
3.723773 8.208645
3.727315 8.188169
3.730845 8.16922
3.734387 8.150772
3.737951 8.188947
3.741493 8.17042
3.745023 8.16922
3.748565 8.148808
3.752095 8.149561
3.755671 8.129132
3.759201 8.129132
3.762743 8.114174
3.766273 8.109524
3.769815 8.094568
3.77338 8.090649
3.776921 8.086019
3.780451 8.070316
3.783993 8.070316
3.787523 8.055364
3.7911 8.051453
3.79463 8.050764
3.798171 8.031184
3.801701 8.031184
3.805243 8.029231
3.808808 8.012334
3.81235 8.00582
3.81588 7.992177
3.819421 7.992177
3.822951 7.980441
3.826528 7.972653
3.830058 7.972653
3.8336 7.953822
3.83713 7.951252
3.840671 7.933711
3.844248 7.933711
3.847778 7.914893
3.851319 7.914293
3.85485 7.894894
3.858391 7.894894
3.861956 7.894894
3.865486 7.87604
3.869028 7.87604
3.872558 7.856105
3.876134 7.856105
3.879676 7.836763
3.883206 7.837312
3.886748 7.836763
3.890278 7.817392
3.893843 7.817928
3.897384 7.817928
3.900914 7.798088
3.904456 7.798088
3.907986 7.784539
3.911528 7.779266
3.915093 7.778755
3.918634 7.759987
3.922164 7.759489
3.925706 7.778755
3.929236 7.761415
3.932812 7.759489
3.936343 7.759489
3.939884 7.759489
3.943414 7.740243
3.946991 7.740243
3.950532 7.740243
3.954063 7.740728
3.957604 7.732501
3.961134 7.738319
3.964711 7.720967
3.968241 7.701758
3.971782 7.701758
3.975324 7.701758
3.978854 7.699838
3.982431 7.68252
3.985961 7.68252
3.989502 7.68252
3.993032 7.68252
3.996574 7.701758
4.000139 7.701294
4.003681 7.701758
4.007211 7.68252
4.010752 7.683986
4.014282 7.68252
4.017859 7.682968
4.0214 7.68252
4.024931 7.665266
4.028472 7.680602
4.032002 7.665266
4.035567 7.662911
4.039109 7.66335
4.042639 7.662911
4.046181 7.659082
4.049711 7.644198
4.053287 7.643772
4.056817 7.644198
4.06037 7.644198
4.0639 7.643772
4.067442 7.644198
4.071007 7.634581
4.07456 7.644198
4.07809 7.626515
4.081632 7.644198
4.085197 7.643772
4.088738 7.644198
4.092269 7.644198
4.09581 7.643772
4.09934 7.628427
4.102917 7.643772
4.106447 7.644198
4.109988 7.644198
4.11353 7.643772
4.11706 7.643772
4.120637 7.644198
4.124167 7.643772
4.127708 7.628427
4.131238 7.625017
4.134803 7.643772
4.13838 7.644198
4.141921 7.643772
4.145451 7.644198
4.148993 7.644198
4.152523 7.644198
4.1561 7.643772
4.15963 7.644198
4.163171 7.643772
4.166701 7.643772
4.170289 7.644198
4.173831 7.643772
4.177361 7.644198
4.180903 7.644198
4.184444 7.643772
4.188009 7.643772
4.191551 7.641859
4.195093 7.625017
4.198623 7.644198
4.202164 7.644198
4.205741 7.644198
4.209282 7.644198
4.212813 7.648027
4.216354 7.651856
4.219884 7.655687
4.223461 7.659518
4.226991 7.659518
4.230532 7.643772
4.234086 7.644198
4.237662 7.643772
4.241204 7.646112
4.244769 7.66335
4.248345 7.68252
4.251933 7.682069
4.255486 7.68252
4.259016 7.701294
4.262558 7.701294
4.266123 7.701294
4.269664 7.720967
4.273194 7.740243
4.276736 7.759489
4.280266 7.778755
4.283843 7.77824
4.287384 7.79756
4.290914 7.816852
4.294456 7.83621
4.297986 7.83621
4.301563 7.856105
4.305093 7.875466
4.308634 7.876823
4.312188 7.894894
4.315729 7.914293
4.319294 7.913689
4.322824 7.933094
4.326377 7.933094
4.329907 7.953197
4.333449 7.97201
4.337014 7.972653
4.340556 7.99152
4.344097 7.992177
4.347627 8.011002
4.351204 8.011002
4.354745 8.030502
4.358287 8.050764
4.361817 8.050764
4.365359 8.070316
4.368924 8.109524
4.372465 8.128385
4.376007 8.129132
4.379537 8.123247
4.383079 8.10879
4.386644 8.128385
4.390185 8.128385
4.393715 8.128385
4.397257 8.128385
4.400799 8.142918
4.404375 8.146845
4.407917 8.148808
4.411447 8.148808
4.414988 8.168454
4.41853 8.168454
4.422095 8.188169
4.425625 8.198008
4.429167 8.207853
4.432708 8.207853
4.436273 8.227556
4.439815 8.227556
4.443345 8.241409
4.446887 8.233471
4.450417 8.226744
4.453993 8.227556
4.457535 8.227556
4.461065 8.228361
4.464606 8.248145
4.468148 8.247328
4.471713 8.267069
4.475255 8.267069
4.478785 8.286879
4.482326 8.286879
4.485856 8.286879
4.489433 8.307515
4.492975 8.287722
4.496505 8.306658
4.500046 8.306658
4.503576 8.36616
4.507153 8.386973
4.510694 8.386973
4.514248 8.347206
4.517778 8.346323
4.521319 8.347206
4.524884 8.346323
4.528426 8.347206
4.531968 8.347206
4.535509 8.347206
4.539074 8.346323
4.542616 8.346323
4.546157 8.347206
4.549688 8.347206
4.553229 8.348081
4.556806 8.347206
4.560336 8.347206
4.563877 8.354038
4.567419 8.34919
4.570949 8.367055
4.574525 8.367055
4.578067 8.367944
4.581609 8.367944
4.58515 8.367055
4.588727 8.367055
4.592257 8.367944
4.595799 8.386973
4.59934 8.369931
4.60287 8.386973
4.606447 8.386973
4.609988 8.386973
4.613519 8.386973
4.61706 8.394926
4.620602 8.386973
4.624178 8.403793
4.627708 8.406861
4.63125 8.406861
4.63478 8.407775
4.638322 8.417732
4.641898 8.406861
4.645428 8.400893
4.64897 8.406861
4.6525 8.407775
4.656042 8.407775
4.659618 8.407775
4.66316 8.41574
4.666701 8.426767
4.670231 8.413749
4.673808 8.407775
4.67735 8.427694
4.680891 8.46764
4.684421 8.488575
4.687963 8.42662
4.691528 8.387875
4.695069 8.387875
4.6986 8.367944
4.702141 8.350067
4.705683 8.348081
4.709248 8.328188
4.712789 8.325344
4.716331 8.307515
4.719873 8.288559
4.723414 8.276636
4.726979 8.266746
4.730521 8.248956
4.734063 8.250932
4.737604 8.248956
4.741169 8.249761
4.744711 8.20943
4.748252 8.18972
4.751794 8.16998
4.755324 8.150308
4.7589 8.130606
4.762431 8.110972
4.765972 8.110972
4.769514 8.110972
4.773044 8.092061
4.776632 8.071713
4.780162 8.065838
4.783704 8.052136
4.787234 8.033195
4.790775 8.012991
4.79434 7.993472
4.797882 7.993472
4.801412 7.973923
4.804954 7.954441
4.808495 7.93493
4.81206 7.934323
4.815602 7.915487
4.819132 7.914893
4.822674 7.895481
4.826215 7.896063
4.82978 7.886358
4.833322 7.876609
4.836863 7.876609
4.840405 7.856666
4.84397 7.856666
4.847512 7.856666
4.851042 7.837856
4.854583 7.837312
4.858125 7.837856
4.861701 7.837312
4.865231 7.821793
4.868773 7.818459
4.872303 7.818459
4.875845 7.818459
4.879421 7.818459
4.882963 7.817928
4.886505 7.818459
4.890046 7.818459
4.893588 7.812131
4.897153 7.815995
4.900694 7.798611
4.904225 7.801062
4.907766 7.798611
4.911331 7.79913
4.914873 7.79913
4.918414 7.798611
4.921944 7.79913
4.925486 7.798611
4.929051 7.79913
4.932593 7.79913
4.936134 7.79913
4.939664 7.79913
4.943218 7.79913
4.946782 7.79282
4.950324 7.791404
4.953866 7.79089
4.957407 7.783632
4.960949 7.783632
4.964514 7.779772
4.968067 7.780274
4.971597 7.779266
4.975139 7.779772
4.978715 7.779772
4.982245 7.779772
4.985787 7.779772
4.989317 7.779772
4.992859 7.779772
4.996435 7.779772
4.999965 7.779266
5.003507 7.779266
5.007049 7.779266
5.01059 7.779266
5.014155 7.779266
5.017685 7.779772
5.021227 7.779266
5.024769 7.779772
5.028299 7.779266
5.031875 7.775912
5.035405 7.771552
5.038947 7.765769
5.042477 7.764338
5.046019 7.759987
5.049583 7.759987
5.053125 7.759987
5.056655 7.759987
5.060197 7.759987
5.063773 7.759987
5.067303 7.759987
5.070845 7.759987
5.074387 7.759987
5.077928 7.759987
5.081493 7.759987
5.085035 7.759987
5.088576 7.759489
5.092118 7.759987
5.095648 7.759987
5.099225 7.759987
5.102766 7.759489
5.106296 7.759987
5.109838 7.759489
5.11338 7.759489
5.116956 7.759489
5.120498 7.760481
5.124039 7.754207
5.127569 7.754207
5.131146 7.747939
5.134676 7.746504
5.138218 7.746015
5.141759 7.751788
5.145313 7.746504
5.148877 7.740728
5.152419 7.742166
5.155961 7.744578
5.159491 7.740728
5.163032 7.740243
5.166609 7.740243
5.170139 7.740728
5.173681 7.740243
5.177222 7.740243
5.180764 7.740728
5.184329 7.740728
5.18787 7.740728
5.191412 7.740728
5.194942 7.740728
5.198519 7.740728
5.202049 7.740243
5.20559 7.740243
5.20912 7.740243
5.212662 7.740728
5.216238 7.740243
5.219769 7.740243
5.223322 7.740728
5.226852 7.740728
5.230394 7.740728
5.233958 7.741209
5.2375 7.740243
5.241042 7.740728
5.244572 7.740243
5.248113 7.740728
5.25169 7.740728
5.255231 7.740243
5.258773 7.749864
5.262315 7.777337
5.26588 7.798611
5.269421 7.817392
5.272963 7.837312
5.276493 7.856105
5.280035 7.895481
5.283611 7.914293
5.287141 7.947985
5.290683 7.972653
5.294213 8.011671
5.297755 8.031859
5.301331 8.071017
5.304873 8.090649
5.308414 8.129872
5.311956 8.149561
5.315498 8.171187
5.319074 8.208645
5.322616 8.228361
5.326146 8.248145
5.329688 8.287722
5.333264 8.306658
5.336794 8.327326
5.340336 8.367055
5.343866 8.386973
5.347407 8.406861
5.350972 8.426767
5.354514 8.45073
5.358056 8.48066
5.361597 8.506683
5.365139 8.526685
5.368704 8.546756
5.372245 8.567813
5.375787 8.600957
5.379317 8.628136
5.382859 8.648315
5.386435 8.66738
5.389977 8.687534
5.393519 8.708867
5.397049 8.727949
5.400625 8.750233
5.404155 8.768441
5.407697 8.791879
5.411238 8.829296
5.41478 8.849602
5.418345 8.871193
5.421887 8.89155
5.425428 8.910736
5.42897 8.920925
5.4325 8.910736
5.436088 8.911978
5.439618 8.912773
5.44316 8.952788
5.446701 8.971991
5.450278 8.993725
5.453808 9.019081
5.45735 9.053914
5.460891 9.095015
5.464433 9.11562
5.468009 9.150605
5.471551 9.155372
5.475093 9.177447
5.478634 9.198076
5.482222 9.220219
5.485752 9.222909
5.489294 9.239444
5.492824 9.260131
5.496366 9.280889
5.499942 9.303109
5.503484 9.344695
5.507014 9.363954
5.510556 9.384807
5.514097 9.405627
5.517662 9.426466
5.521204 9.445774
5.524745 9.480789
5.528275 9.495475
5.531817 9.508473
5.535382 9.531052
5.538924 9.550386
5.542465 9.573029
5.545995 9.587721
5.549537 9.595759
5.553113 9.615084
5.556655 9.636113
5.560185 9.658941
5.563727 9.680022
5.567257 9.680022
5.570833 9.699421
5.574363 9.70364
5.577905 9.720526
5.581447 9.741651
5.585023 9.739855
5.588565 9.762847
5.592095 9.761037
5.595637 9.761037
5.599178 9.785819
5.602766 9.78401
5.606308 9.78401
5.609838 9.807014
5.61338 9.807014
5.616956 9.822203
5.620498 9.826445
5.624039 9.826445
5.627569 9.849515
5.631123 9.849515
5.634688 9.862583
5.638229 9.868956
5.641771 9.868956
5.645301 9.871325
5.648843 9.890214
5.652419 9.890214
5.655949 9.890214
5.659491 9.894221
5.663032 9.911491
5.666574 9.911491
5.670139 9.911491
5.673669 9.911491
5.677211 9.928579
5.680752 9.93284
5.684294 9.93284
5.687859 9.93284
5.6914 9.93284
5.694942 9.934746
5.698472 9.93284
5.702049 9.954155
5.70559 9.956287
5.70912 9.966746
5.712662 9.966953
5.716204 9.95842
5.71978 9.97534
5.723322 9.95842
5.726863 9.954155
5.730417 9.954155
5.733993 9.956075
5.737523 9.954155
5.741065 9.934971
5.744606 9.934746
5.748148 9.911491
5.751725 9.890214
5.755255 9.890214
5.758796 9.868956
5.762326 9.868956
5.765868 9.849515
5.769433 9.826445
5.772975 9.811309
5.776516 9.807014
5.780058 9.785819
5.783588 9.764642
5.787164 9.762847
5.790706 9.741651
5.794236 9.720526
5.797778 9.720526
5.801319 9.699421
5.804884 9.678281
5.808426 9.680022
5.811968 9.658941
5.815509 9.639931
5.819086 9.636113
5.822616 9.616783
5.826157 9.606269
5.829688 9.594073
5.833229 9.573029
5.836806 9.560009
5.840336 9.553716
5.843877 9.532696
5.847407 9.532696
5.850961 9.511749
5.854525 9.513367
5.858079 9.49082
5.861609 9.468254
5.86515 9.469858
5.868727 9.448967
5.872269 9.43013
5.87581 9.428043
5.87934 9.40771
5.882882 9.408741
5.886458 9.386357
5.89 9.386357
5.893542 9.365491
5.897083 9.365491
5.900625 9.344695
5.904201 9.346206
5.907743 9.325364
5.911296 9.310822
5.91485 9.303109
5.918426 9.282371
5.921956 9.282371
5.925509 9.2616
5.929051 9.260131
5.932616 9.2409
5.936157 9.2409
5.939699 9.220219
5.943229 9.220219
5.946771 9.199505
5.950347 9.199505
5.953877 9.178862
5.957419 9.178862
5.960961 9.158186
5.964491 9.158186
5.968067 9.137581
5.971609 9.137581
5.97515 9.11562
5.978692 9.116995
5.982234 9.095015
5.985799 9.096377
5.98934 9.074481
5.992882 9.074481
5.996424 9.053914
6.0 9.053914
6.00353 9.034739
6.007072 9.034739
6.010613 9.018345
6.014144 9.01294
6.01772 9.014248
6.021262 8.99243
6.024803 8.993725
6.028345 8.973273
6.031887 8.971991
6.035451 8.95152
6.038993 8.95152
6.042535 8.931118
6.046088 8.931118
6.049664 8.910736
6.053194 8.910736
6.056736 8.890322
6.060266 8.890322
6.063808 8.890322
6.067373 8.869978
6.070914 8.869978
6.074456 8.850804
6.077998 8.849602
6.081528 8.838241
6.085104 8.828097
6.088646 8.829296
6.092187 8.810184
6.095718 8.809008
6.099259 8.78869
6.102836 8.78869
6.106366 8.774513
6.109907 8.768441
6.113437 8.76959
6.117014 8.750233
6.120544 8.747065
6.124086 8.747065
6.127616 8.726817
6.131157 8.726817
6.134722 8.706638
6.138264 8.706638
6.141794 8.707757
6.145336 8.687534
6.148877 8.687534
6.152454 8.686428
6.155995 8.66738
6.159537 8.66738
6.163079 8.653283
6.166609 8.647245
6.170185 8.647245
6.173727 8.627079
6.177269 8.628136
6.18081 8.627079
6.184387 8.606982
6.187928 8.605929
6.19147 8.606016
6.195 8.585815
6.198542 8.586854
6.202118 8.566795
6.205648 8.566795
6.209201 8.566795
6.212743 8.546756
6.216285 8.545742
6.21985 8.546756
6.223391 8.539738
6.226933 8.526685
6.230475 8.526685
6.234039 8.526685
6.237581 8.526685
6.241111 8.505696
6.244664 8.485677
6.248206 8.466687
6.251782 8.445795
6.255336 8.426767
6.258877 8.406861
6.262419 8.405939
6.265984 8.386065
6.269537 8.387875
6.273067 8.386973
6.276609 8.386973
6.28015 8.386065
6.283715 8.386065
6.287257 8.396
6.290787 8.406861
6.294329 8.407775
6.29787 8.426767
6.301447 8.441811
6.304977 8.445795
6.30853 8.466687
6.312072 8.476667
6.315613 8.485677
6.319178 8.506683
6.32272 8.526685
6.326262 8.546756
6.329792 8.565769
6.333368 8.565769
6.336898 8.587885
6.34044 8.606982
6.34397 8.626013
6.347512 8.647245
6.351076 8.66738
6.354618 8.68863
6.358148 8.707757
6.36169 8.727949
6.365231 8.768441
6.368808 8.829296
6.37235 8.869978
6.375891 8.869978
6.379421 8.869978
6.382975 8.886252
6.386551 8.889084
6.390093 8.898465
6.393634 8.910736
6.397176 8.931118
6.400752 8.929853
6.404294 8.95152
6.407836 8.957695
6.411366 8.973273
6.414907 8.991125
6.418484 8.999865
6.422025 9.014248
6.425556 9.033417
6.429097 9.053914
6.432639 9.053914
6.436204 9.074481
6.439745 9.096377
6.443287 9.11562
6.446817 9.135522
6.450394 9.150605
6.453935 9.164371
6.457477 9.183634
6.461019 9.198076
6.46456 9.220219
6.468125 9.239444
6.471667 9.2616
6.475197 9.280889
6.47875 9.303109
6.482292 9.322358
6.485868 9.344695
6.489398 9.363954
6.492951 9.384807
6.496481 9.405627
6.500069 9.447377
6.503611 9.51221
6.507153 9.574701
6.510694 9.574701
6.514236 9.573029
6.517801 9.573029
6.521343 9.573029
6.524884 9.573029
6.528437 9.594073
6.532014 9.594073
6.535544 9.595759
6.539086 9.596173
6.542627 9.606677
6.546169 9.616783
6.549734 9.615084
6.553275 9.615084
6.556829 9.615084
6.560359 9.636113
6.5639 9.634386
6.567477 9.636113
6.571019 9.636113
6.57456 9.657214
6.578102 9.657214
6.581678 9.655473
6.585231 9.657214
6.588773 9.670209
6.592315 9.678281
6.595891 9.676527
6.599433 9.678281
6.602975 9.680022
6.606505 9.678281
6.610046 9.678281
6.613623 9.684605
6.617176 9.697652
6.620706 9.697652
6.624248 9.697652
6.627789 9.697652
6.631354 9.699421
6.634896 9.70153
6.638438 9.712415
6.641979 9.720526
6.645509 9.720526
6.649074 9.720526
6.652616 9.720526
6.656157 9.718744
6.659688 9.720526
6.663264 9.720526
6.666806 9.718744
6.670336 9.720526
6.673877 9.718744
6.677419 9.718744
6.680984 9.764642
6.684525 9.805191
6.688079 9.847665
6.69162 9.826445
6.695162 9.805191
6.698738 9.785819
6.702269 9.77131
6.70581 9.762847
6.709352 9.741651
6.712917 9.720526
6.716458 9.701175
6.72 9.680022
6.72353 9.656834
6.727072 9.615084
6.730648 9.616783
6.734178 9.615084
6.73772 9.615084
6.741262 9.595759
6.744792 9.552057
6.748403 9.511749
6.751933 9.469858
6.755475 9.426466
6.759039 9.384807
6.76265 9.365491
6.766204 9.363954
6.769757 9.343172
6.773287 9.323867
6.776863 9.280889
6.780394 9.2409
6.783935 9.199505
6.787488 9.158186
6.791065 9.136193
6.794606 9.095015
6.79816 9.053914
6.801701 9.034739
6.805243 8.99243
6.808819 8.971991
6.812361 8.931118
6.815903 8.911978
6.819444 8.869978
6.823021 8.849602
6.826551 8.822362
6.830093 8.789852
6.833623 8.76959
6.837164 8.729072
6.840741 8.708867
6.844271 8.68863
6.847812 8.649258
6.851354 8.628136
6.854884 8.606982
6.858461 8.577847
6.862002 8.547761
6.865544 8.528661
6.869086 8.507662
6.87265 8.487617
6.876192 8.453668
6.879745 8.430608
6.883287 8.407775
6.886817 8.387875
6.890382 8.367944
6.893924 8.348081
6.897465 8.329044
6.901007 8.308364
6.904549 8.288559
6.908125 8.268723
6.911667 8.248956
6.915208 8.229951
6.91875 8.210209
6.922315 8.202318
6.925856 8.18972
6.929398 8.16922
6.93294 8.150308
6.936481 8.131335
6.940058 8.129872
6.9436 8.111688
6.947141 8.091358
6.950683 8.092061
6.954213 8.071713
6.957789 8.071713
6.961331 8.052136
6.964873 8.052136
6.968403 8.052136
6.971944 8.046267
6.975521 8.031859
6.979051 8.03253
6.982593 8.012991
6.986146 8.012334
6.989711 8.012991
6.993252 8.001278
6.996794 7.992827
7.000336 7.993472
7.003877 7.992827
7.007454 7.973923
7.010995 7.97329
7.014525 7.973923
7.018067 7.954441
7.021644 7.953822
7.025174 7.952494
7.028727 7.93493
7.032257 7.93493
7.035799 7.934323
7.039363 7.914893
7.042905 7.914893
7.046435 7.915487
7.049977 7.898773
7.053507 7.896063
7.057083 7.895481
7.060625 7.894121
7.064178 7.87604
7.06772 7.87604
7.071262 7.87604
7.074826 7.87604
7.078368 7.857223
7.081921 7.856666
7.085451 7.857223
7.089028 7.852794
7.092558 7.837856
7.096111 7.837312
7.099641 7.837312
7.103183 7.837312
7.106748 7.837312
7.110289 7.819861
7.113831 7.818459
7.117373 7.817928
7.120914 7.817392
7.124491 7.817928
7.128021 7.817928
7.131563 7.817928
7.135104 7.817928
7.138669 7.804927
7.142211 7.79913
7.145752 7.79913
7.149294 7.798088
7.152836 7.79913
7.156412 7.798088
7.159942 7.798611
7.163495 7.785053
7.167037 7.779266
7.170567 7.779266
7.174144 7.779266
7.177685 7.779772
7.181215 7.779266
7.184757 7.779772
7.188333 7.779266
7.191875 7.778755
7.195417 7.779266
7.198958 7.779266
7.2025 7.777337
7.206065 7.759987
7.209606 7.759987
7.213137 7.759489
7.216678 7.759987
7.22022 7.759987
7.223796 7.759987
7.227326 7.759987
7.230868 7.759987
7.23441 7.759987
7.237951 7.759489
7.241516 7.759987
7.245058 7.759987
7.2486 7.759987
7.252141 7.759489
7.255706 7.759987
7.259248 7.759987
7.262778 7.778755
7.266319 7.798611
7.269861 7.817392
7.273438 7.837312
7.276968 7.875466
7.280509 7.894894
7.284051 7.934323
7.287593 7.953197
7.291157 7.992827
7.294699 8.031859
7.298241 8.059276
7.301782 8.091358
7.305359 8.129872
7.3089 8.16922
7.312454 8.208645
7.315995 8.228361
7.319537 8.2679
7.323113 8.308364
7.326655 8.348081
7.33022 8.367055
7.333773 8.407775
7.337338 8.446743
7.34088 8.466687
7.34441 8.506683
7.347951 8.547761
7.351493 8.566795
7.355069 8.608026
7.358611 8.648315
7.362153 8.68863
7.365706 8.708867
7.369282 8.749347
7.372813 8.78869
7.376366 8.824392
7.379907 8.850804
7.383438 8.89155
7.387025 8.931118
7.390567 8.973273
7.394097 9.01294
7.39765 9.047763
7.401227 9.095015
7.404769 9.123169
7.40831 9.178862
7.411852 9.218777
7.415394 9.260131
7.418958 9.301614
7.4225 9.344695
7.426042 9.399379
7.429583 9.448967
7.433148 9.501749
7.43669 9.545769
7.440231 9.595759
7.443762 9.637826
7.447303 9.695149
7.45088 9.741651
7.454421 9.785819
7.457963 9.828282
7.461505 9.870821
7.465035 9.896595
7.468611 9.934746
7.472141 9.977476
7.475683 9.996895
7.479225 10.018267
7.482755 10.041852
7.486331 10.067548
7.489873 10.091181
7.493414 10.106069
7.496944 10.12755
7.500521 10.129699
7.504062 10.149104
7.507604 10.164166
7.511134 10.172666
7.514676 10.174929
7.518252 10.192215
7.521806 10.194272
7.525336 10.192215
7.528877 10.20937
7.532419 10.215843
7.535984 10.215843
7.539525 10.215843
7.543056 10.222318
7.546597 10.237433
7.550139 10.237433
7.553715 10.237433
7.557245 10.235349
7.560799 10.235349
7.56434 10.235349
7.567905 10.237433
7.571447 10.235349
7.574977 10.248235
7.578519 10.259096
7.58206 10.256998
7.585637 10.256998
7.589167 10.256998
7.592708 10.261177
7.596238 10.261177
7.59978 10.261177
7.603345 10.261177
7.606887 10.261177
7.610428 10.259096
7.613958 10.259096
7.6175 10.259096
7.621065 10.259096
7.624606 10.261177
7.628148 10.261177
7.63169 10.261177
7.63522 10.261177
7.638796 10.261177
7.642338 10.263241
7.645868 10.261177
7.64941 10.259096
7.652975 10.267746
7.656516 10.259159
7.660046 10.259159
7.663588 10.261177
7.66713 10.259096
7.670706 10.261177
7.674248 10.259096
7.677778 10.259096
7.681319 10.259096
7.68485 10.259096
7.688426 10.259096
7.691968 10.259096
7.695509 10.259096
7.699039 10.259096
7.702593 10.259096
7.706181 10.259096
7.709711 10.259096
7.713252 10.259096
7.716782 10.259096
7.720359 10.259096
7.723912 10.259096
7.727454 10.259096
7.730984 10.254838
7.734525 10.237433
7.73809 10.235349
7.741632 10.235349
7.745174 10.237433
7.748704 10.215843
7.752245 10.215843
7.75581 10.196311
7.759352 10.194272
7.762894 10.174691
7.766435 10.172666
7.769965 10.151133
7.77353 10.138168
7.777072 10.12755
7.780613 10.10807
7.784155 10.10807
7.787731 10.084607
7.791273 10.086594
7.794803 10.063111
7.798345 10.043646
7.801875 10.043646
7.805451 10.020228
7.808993 10.022174
7.812523 9.998843
7.816065 9.979394
7.819606 9.979394
7.823183 9.959867
7.826725 9.956075
7.830255 9.936637
7.833796 9.913383
7.837373 9.91526
7.840914 9.892092
7.844468 9.881454
7.847998 9.870821
7.851539 9.861982
7.855104 9.849515
7.858646 9.828282
7.862188 9.828282
7.865741 9.807014
7.869282 9.785819
7.872847 9.785819
7.876377 9.764642
7.879919 9.764642
7.883461 9.743432
7.887037 9.722294
7.890579 9.722294
7.89412 9.702915
7.89765 9.68424
7.901192 9.681748
7.904757 9.660654
7.908299 9.658941
7.91184 9.637826
7.915382 9.616783
7.918912 9.616783
7.922488 9.595759
7.92603 9.595759
7.929572 9.574701
7.933113 9.553716
7.936678 9.551163
7.94022 9.532696
7.943762 9.511749
7.947303 9.513367
7.950833 9.492424
7.95441 9.471948
7.957951 9.469858
7.961481 9.448967
7.965035 9.429607
7.968576 9.428043
7.972141 9.407191
7.975683 9.405106
7.979213 9.387894
7.982766 9.365491
7.986343 9.367014
7.989884 9.344695
7.993426 9.344695
7.996956 9.325364
8.000498 9.312899
8.004062 9.301614
8.007604 9.283841
8.011146 9.282371
8.014688 9.2616
8.018229 9.260131
8.021794 9.2409
8.025336 9.224353
8.028866 9.220219
8.032407 9.213325
8.035949 9.198076
8.039514 9.198076
8.043056 9.178862
8.046586 9.177447
8.050139 9.158186
8.053669 9.158186
8.057245 9.136193
8.060787 9.137581
8.064329 9.116995
8.06787 9.116995
8.071447 9.096377
8.074977 9.095015
8.078519 9.081991
8.08206 9.075829
8.08559 9.063509
8.089155 9.053914
8.092697 9.053914
8.096238 9.033417
8.09978 9.033417
8.10331 9.031369
8.106887 9.01294
8.110428 9.01294
8.11397 8.998566
8.117523 8.99243
8.121088 8.99243
8.12463 8.971991
8.128171 8.971991
8.131713 8.973273
8.135255 8.95152
8.138831 8.952788
8.142373 8.95152
8.145914 8.931118
8.149444 8.931118
8.152986 8.931118
8.156551 8.910736
8.160093 8.910736
8.163646 8.894393
8.167176 8.890322
8.170752 8.89155
8.174294 8.880147
8.177824 8.869978
8.181366 8.869978
8.184907 8.865911
8.188484 8.849602
8.192014 8.849602
8.195556 8.850804
8.199086 8.829296
8.202627 8.829296
8.206192 8.829296
8.209734 8.809008
8.213275 8.809008
8.216817 8.809008
8.220405 8.78869
8.223935 8.789852
8.227477 8.789852
8.231019 8.774513
8.23456 8.76959
8.238137 8.76959
8.241678 8.768441
8.245231 8.747065
8.248762 8.71987
8.252303 8.692666
8.25588 8.686428
8.259421 8.666288
8.262963 8.652343
8.266505 8.647245
8.270081 8.647245
8.273623 8.630148
8.277153 8.627079
8.280694 8.637134
8.284236 8.646166
8.287801 8.648315
8.291343 8.658387
8.294884 8.66738
8.298426 8.687534
8.301968 8.687534
8.305532 8.707757
8.309074 8.729072
8.312604 8.736031
8.316157 8.767282
8.319734 8.776538
8.323275 8.796795
8.326806 8.829296
8.330347 8.849602
8.333889 8.871193
8.337454 8.89155
8.340995 8.918094
8.344537 8.95152
8.348067 8.971991
8.351609 8.995771
8.355185 9.033417
8.358715 9.053914
8.362257 9.095015
8.365799 9.136193
8.36934 9.199505
8.372917 9.2616
8.376447 9.283841
8.379988 9.282371
8.383542 9.303109
8.387106 9.32179
8.390648 9.323867
8.39419 9.344695
8.397731 9.363954
8.401273 9.386357
8.404838 9.405627
8.40838 9.428043
8.411921 9.430689
8.415451 9.457321
8.418993 9.486636
8.422581 9.511749
8.426123 9.532696
8.429664 9.553716
8.433206 9.573029
8.436782 9.618469
8.440324 9.637826
8.443854 9.658941
8.447407 9.678281
8.450984 9.720526
8.454525 9.743432
8.458056 9.764642
8.461597 9.785819
8.465243 9.826445
8.468819 9.849515
8.472373 9.870821
8.475949 9.892092
8.479525 9.913383
8.48309 9.934746
8.486644 9.945408
8.490231 9.957979
8.493796 9.977476
8.497361 9.988157
8.651586 10.130443
8.655174 10.063111
8.658704 10.050414
8.662245 10.041852
8.665775 10.041687
8.669317 10.041687
8.672882 10.041687
8.676424 10.039711
8.679954 10.065084
8.683495 10.084607
8.687025 10.082604
8.69059 10.084607
8.694132 10.063111
8.697662 10.041687
8.701204 10.043646
8.704734 10.020228
8.70831 9.998843
8.71184 9.979394
8.715382 9.956075
8.718912 9.934746
8.722454 9.91526
8.726019 9.892092
8.72956 9.866569
8.73309 9.851351
8.736632 9.851351
8.740162 9.849515
8.743727 9.828282
8.747269 9.781255
8.750799 9.724048
8.75434 9.680022
8.75787 9.637826
8.761447 9.595759
8.764977 9.574701
8.768519 9.553716
8.772049 9.532696
8.77559 9.492424
8.779155 9.448967
8.782685 9.407191
8.786227 9.365491
8.789757 9.323867
8.793299 9.278226
8.796863 9.221649
8.800405 9.180265
8.803935 9.137581
8.807477 9.097727
8.811007 9.055249
8.814583 9.03605
8.818113 8.993725
8.821644 8.952788
8.825185 8.913209
8.828715 8.873228
8.832292 8.851996
8.835822 8.81135
8.839363 8.76959
8.842894 8.749347
8.846435 8.708867
8.85 8.689718
8.853542 8.666448
8.857072 8.627079
8.860613 8.609062
8.864144 8.568824
8.867708 8.546756
8.87125 8.527677
8.87478 8.503662
8.878322 8.46764
8.881852 8.446743
8.885428 8.428614
8.888958 8.407775
8.8925 8.387875
8.89603 8.348081
8.899572 8.332156
8.903137 8.313173
8.906667 8.308364
8.910208 8.289389
8.913738 8.269541
8.91728 8.248956
8.920845 8.229159
8.924387 8.20943
8.927917 8.190487
8.931458 8.18578
8.934988 8.150308
8.938553 8.130606
8.942095 8.130606
8.945625 8.110972
8.949167 8.091358
8.952697 8.091358
8.956273 8.072404
8.959803 8.052136
8.963345 8.052814
8.966875 8.03253
8.970417 8.015598
8.973981 8.012991
8.977512 7.994112
8.981053 7.97455
8.984583 7.973923
8.988125 7.954441
8.99169 7.954441
8.995231 7.93493
8.998762 7.93493
9.002303 7.923262
9.005833 7.915487
9.00941 7.916077
9.01294 7.896063
9.016481 7.89664
9.020012 7.894121
9.023542 7.876609
9.027118 7.87604
9.030648 7.857223
9.03419 7.857223
9.03772 7.847537
9.041262 7.837312
9.044826 7.837312
9.048368 7.837856
9.051898 7.837856
9.055428 7.817928
9.05897 7.818459
9.062535 7.818459
9.066076 7.817928
9.069606 7.815995
9.073148 7.798611
9.076678 7.79913
9.080255 7.798611
9.083785 7.79913
9.087326 7.779266
9.090856 7.779266
9.094398 7.779266
9.097963 7.779772
9.101493 7.779266
9.105035 7.772053
9.108565 7.759987
9.112106 7.759987
9.115671 7.760481
9.119213 7.759987
9.122743 7.760481
9.126285 7.759489
9.129815 7.740728
9.13338 7.740728
9.136921 7.741209
9.140451 7.740728
9.143993 7.740728
9.147523 7.741209
9.1511 7.740728
9.15463 7.740728
9.158171 7.740728
9.161701 7.720967
9.165243 7.721908
9.168808 7.721439
9.172338 7.721439
9.17588 7.721439
9.17941 7.721439
9.182951 7.721439
9.186516 7.719984
9.190058 7.709904
9.193588 7.702218
9.19713 7.702218
9.20066 7.702218
9.204225 7.702218
9.207766 7.702218
9.211296 7.702218
9.214838 7.701758
9.218368 7.702218
9.221944 7.691143
9.225475 7.684887
9.229016 7.682968
9.232546 7.684887
9.236088 7.682968
9.239653 7.682968
9.243183 7.682968
9.246725 7.68252
9.250255 7.682968
9.253796 7.682968
9.257361 7.683412
9.260903 7.682968
9.264433 7.702218
9.267975 7.720967
9.271505 7.740728
9.275081 7.759489
9.278611 7.798611
9.282153 7.818459
9.285683 7.856666
9.289225 7.883795
9.292789 7.914293
9.296319 7.953822
9.299861 7.993472
9.303391 8.031859
9.306933 8.071017
9.310498 8.110972
9.314039 8.149561
9.317569 8.188947
9.321111 8.228361
9.324641 8.268723
9.328206 8.307515
9.331748 8.348081
9.335278 8.386973
9.338819 8.427694
9.34235 8.464692
9.345926 8.507662
9.349456 8.543752
9.352998 8.567813
9.356528 8.608026
9.360069 8.647245
9.363634 8.68863
9.367164 8.727949
9.370706 8.768441
9.374236 8.810184
9.377778 8.849602
9.381343 8.890322
9.384884 8.929079
9.388414 8.963821
9.391956 8.995771
9.395486 9.033417
9.399062 9.088155
9.402593 9.125227
9.406134 9.177447
9.409664 9.218777
9.413206 9.260131
9.416771 9.301614
9.420301 9.347327
9.423843 9.407191
9.427373 9.447377
9.430914 9.487572
9.434479 9.531052
9.438021 9.573029
9.441551 9.615084
9.445093 9.658941
9.448623 9.699421
9.452188 9.733199
9.455729 9.764642
9.459259 9.78401
9.462801 9.826445
9.466331 9.849515
9.469907 9.868956
9.473437 9.890214
9.476979 9.896595
9.480509 9.911491
9.484051 9.934746
9.487616 9.941364
9.491146 9.956075
9.494687 9.957979
9.498218 9.977476
9.501759 9.977476
9.505324 9.996895
9.508866 9.996895
9.512396 9.998843
9.515937 10.009533
9.519468 10.020228
9.523044 10.020228
9.526574 10.020228
9.530116 10.022368
9.533646 10.041687
9.537187 10.043646
9.540752 10.041687
9.544282 10.041687
9.547824 10.041687
9.551354 10.043646
9.554896 10.04597
9.558461 10.058651
9.562002 10.060967
9.565532 10.067041
9.569074 10.063111
9.572604 10.063111
9.576169 10.065084
9.579711 10.065084
9.583241 10.065084
9.586782 10.067041
9.590312 10.067041
9.593889 10.065254
9.597419 10.077956
9.600949 10.075974
9.604491 10.086594
9.608021 10.088565
9.611597 10.086594
9.615127 10.086594
9.618669 10.086594
9.622199 10.086594
9.625741 10.086594
9.629306 10.088565
9.632836 10.084607
9.636377 10.086594
9.639919 10.086594
9.643484 10.088565
9.647014 10.086594
9.650556 10.088565
9.654086 10.086594
9.657627 10.088565
9.661192 10.086594
9.664734 10.086594
9.668264 10.086594
9.671806 10.086594
9.675336 10.088565
9.6789 10.086594
9.682442 10.086594
9.685972 10.086594
9.689514 10.077956
9.693044 10.065084
9.696586 10.063111
9.70015 10.065084
9.703692 10.065084
9.707222 10.063111
9.710764 10.065084
9.714329 10.065084
9.71787 10.065084
9.7214 10.060795
9.724942 10.043646
9.728472 10.043646
9.732037 10.041687
9.735579 10.032935
9.739109 10.020228
9.74265 10.00098
9.746181 10.000774
9.749757 9.979394
9.753287 9.957979
9.756829 9.936637
9.760359 9.91526
9.7639 9.892092
9.767431 9.87267
9.770995 9.870821
9.774537 9.853171
9.778067 9.828282
9.781609 9.808823
9.785139 9.787614
9.788715 9.766424
9.792245 9.7452
9.795787 9.724048
9.799317 9.702915
9.802859 9.680022
9.806424 9.660654
9.809954 9.637826
9.813495 9.616783
9.817025 9.595759
9.820567 9.574701
9.824132 9.555361
9.827674 9.532696
9.831204 9.513367
9.834745 9.492424
9.838275 9.486093
9.84184 9.448967
9.845382 9.437478
9.848912 9.429607
9.852454 9.396771
9.855984 9.384275
9.859549 9.365491
9.86309 9.344695
9.86662 9.323867
9.870162 9.304593
9.873692 9.282371
9.877269 9.2616
9.880799 9.2409
9.88434 9.220219
9.88787 9.199505
9.891412 9.19744
9.894977 9.178862
9.898507 9.156784
9.902049 9.137581
9.905579 9.116995
9.90912 9.096377
9.912685 9.077166
9.916227 9.055249
9.919757 9.03605
9.923299 9.033998
9.926829 9.015546
9.930394 8.993725
9.933935 8.974544
9.937465 8.954046
9.941007 8.954046
9.944537 8.933618
9.948113 8.913209
9.951644 8.892769
9.955174 8.871193
9.958715 8.85815
9.962245 8.850804
9.965822 8.831664
9.969352 8.810184
9.972894 8.789852
9.976424 8.791005
9.979965 8.77073
9.98353 8.750474
9.98706 8.729072
9.990602 8.729072
9.994132 8.708867
9.997674 8.68863
