 -0.79166662693023682                0
 -0.78472218248579240                1
 -0.70833331346511841                0
 -0.70138886902067399                1
 -0.62500000000000000                0
 -0.61805555555555558                1
 -0.54166662693023682                0
 -0.53472218248579240                1
 -0.45833334326744080                0
 -0.45138889882299638                1
 -0.37500000000000000                0
 -0.36805555555555558                1
 -0.29166668653488159                0
 -0.28472224209043717                1
 -0.20833332836627960                0
 -0.20138888392183515                1
 -0.12500000000000000                0
 -0.11805555555555555                1
  -4.1666667908430099E-002           0
  -3.4722223463985652E-002           1
   4.1666667908430099E-002           0
   4.8611112352874547E-002           1
  0.12500000000000000                0
  0.13194444444444445                1
  0.20833334326744080                0
  0.21527778771188524                1
  0.29166665673255920                0
  0.29861110117700362                1
  0.37500000000000000                0
  0.38194444444444442                1
  0.45833331346511841                0
  0.46527775790956283                1
  0.54166668653488159                0
  0.54861113097932601                1
  #0.62500000000000000                0
  0.63194444444444442                1
  #0.70833337306976318                0
  0.71527781751420760                1
  #0.79166668653488159                0
  0.79861113097932601                1
  0.87500000000000000                0
  0.88888888888888884                1
  0.95833337306976318                0
  0.97222226195865202                1
   1.0416666269302368                0
   1.0555555158191257                1
   1.1250000000000000                0
   1.1388888888888888                1
   1.2083332538604736                0
   1.2222221427493625                1
   1.2916666269302368                0
   1.3055555158191257                1
   1.3750000000000000                0
   1.3819444444444444                1
   1.4583332538604736                0
   1.4652776983049181                1
   1.5416666269302368                0
   1.5486110713746812                1
   1.6250000000000000                0
   1.6319444444444444                1
   1.7083332538604736                0
   1.7152776983049181                1
   1.7916666269302368                0
   1.7986110713746812                1
   1.8750000000000000                0
   1.8819444444444444                1
   1.9583332538604736                0
   1.9652776983049181                1
   2.0416667461395264                0
   2.0486111905839710                1
   2.1250000000000000                0
   2.1319444444444446                1
   2.2083334922790527                0
   2.2152779367234974                1
   2.2916667461395264                0
   2.2986111905839710                1
   2.3750000000000000                0
   2.3819444444444446                1
   2.4583334922790527                0
   2.4652779367234974                1
   2.5416667461395264                0
   2.5486111905839710                1
   2.6250000000000000                0
   2.6319444444444446                1
   2.7083334922790527                0
   2.7152779367234974                1
   2.7916667461395264                0
   2.7986111905839710                1
   2.8750000000000000                0
   2.8819444444444446                1
   2.9583334922790527                0
   2.9652779367234974                1
   3.0416667461395264                0
   3.0486111905839710                1
   3.1250000000000000                0
   3.1319444444444446                1
   3.2083334922790527                0
   3.2152779367234974                1
   3.2916667461395264                0
   3.2986111905839710                1
   3.3750000000000000                0
   3.3819444444444446                1
   3.4583334922790527                0
   3.4652779367234974                1
   3.5416667461395264                0
   3.5486111905839710                1
   3.6250000000000000                0
   3.6319444444444446                1
   3.7083334922790527                0
   3.7152779367234974                1
   3.7916667461395264                0
   3.7986111905839710                1
   3.8750000000000000                0
   3.8819444444444446                1
   3.9583334922790527                0
   3.9652779367234974                1
   4.0416665077209473                0
   4.0486109521653919                1
   4.1250000000000000                0
   4.1319444444444446                1
   4.2083330154418945                0
   4.2152774598863392                1
   4.2916665077209473                0
   4.2986109521653919                1
   4.3750000000000000                0
   4.3819444444444446                1
   4.4583330154418945                0
   4.4652774598863392                1
   4.5416665077209473                0
   4.5486109521653919                1
   4.6250000000000000                0
   4.6319444444444446                1
   4.7083330154418945                0
   4.7152774598863392                1
   4.7916665077209473                0
   4.7986109521653919                1
   4.8750000000000000                0
   4.8819444444444446                1
   4.9583330154418945                0
   4.9652774598863392                1
   5.0416665077209473                0
   5.0486109521653919                1
   5.1250000000000000                0
   5.1319444444444446                1
   5.2083330154418945                0
   5.2152774598863392                1
   5.2916665077209473                0
   5.2986109521653919                1
   5.3750000000000000                0
   5.3819444444444446                1
   5.4583330154418945                0
   5.4652774598863392                1
   5.5416665077209473                0
   5.5486109521653919                1
   5.6250000000000000                0
   5.6319444444444446                1
   5.7083330154418945                0
   5.7152774598863392                1
   5.7916665077209473                0
   5.7986109521653919                1
   5.8750000000000000                0
   5.8819444444444446                1
   5.9583330154418945                0
   5.9652774598863392                1
   6.0416665077209473                0
   6.0486109521653919                1
   6.1250000000000000                0
   6.1319444444444446                1
   6.2083330154418945                0
   6.2152774598863392                1
   6.2916665077209473                0
   6.2986109521653919                1
   6.3750000000000000                0
   6.3819444444444446                1
   6.4583330154418945                0
   6.4652774598863392                1
   6.5416665077209473                0
   6.5486109521653919                1
   6.6250000000000000                0
   6.6319444444444446                1
   6.7083330154418945                0
   6.7152774598863392                1
   6.7916665077209473                0
   6.7986109521653919                1
   6.8750000000000000                0
   6.8819444444444446                1
   6.9583330154418945                0
   6.9652774598863392                1
   7.0416665077209473                0
   7.0486109521653919                1
   7.1250000000000000                0
   7.1319444444444446                1
   7.2083330154418945                0
   7.2152774598863392                1
   7.2916665077209473                0
   7.2986109521653919                1
   7.3750000000000000                0
   7.3819444444444446                1
   7.4583330154418945                0
   7.4652774598863392                1
   7.5416665077209473                0
   7.5486109521653919                1
   7.6250000000000000                0
   7.6319444444444446                1
   7.7083330154418945                0
   7.7152774598863392                1
   7.7916665077209473                0
   7.7986109521653919                1
   7.8750000000000000                0
   7.8819444444444446                1
   7.9583330154418945                0
   7.9652774598863392                1
   8.0416669845581055                0
   8.0486114290025501                1
   8.1250000000000000                0
   8.1319444444444446                1
   8.2083339691162109                0
   8.2152784135606556                1
   8.2916669845581055                0
   8.2986114290025501                1
   8.3750000000000000                0
   8.3819444444444446                1
   8.4583339691162109                0
   8.4652784135606556                1
   8.5416669845581055                0
   8.5486114290025501                1
   8.6250000000000000                0
   8.6319444444444446                1
   8.7083339691162109                0
   8.7152784135606556                1
   8.7916669845581055                0
   8.7986114290025501                1
   8.8750000000000000                0
   8.8819444444444446                1
   8.9583339691162109                0
   8.9652784135606556                1
   9.0416669845581055                0
   9.0486114290025501                1
   9.1250000000000000                0
   9.1319444444444446                1
   9.2083339691162109                0
   9.2152784135606556                1
   9.2916669845581055                0
   9.2986114290025501                1
   9.3750000000000000                0
   9.3819444444444446                1
   9.4583339691162109                0
   9.4652784135606556                1
   9.5416669845581055                0
   9.5486114290025501                1
   9.6250000000000000                0
   9.6319444444444446                1
   9.7083339691162109                0
   9.7152784135606556                1
   9.7916669845581055                0
   9.7986114290025501                1
   9.8750000000000000                0
   9.8819444444444446                1
   9.9583339691162109                0
   9.9652784135606556                1
   10.041666984558105                0
   10.048611429002550                1
   10.125000000000000                0
   10.131944444444445                1
   10.208333969116211                0
   10.215278413560656                1
   10.291666984558105                0
   10.298611429002550                1
   10.375000000000000                0
   10.381944444444445                1
   10.458333969116211                0
   10.465278413560656                1
   10.541666984558105                0
   10.548611429002550                1
   10.625000000000000                0
   10.631944444444445                1
   10.708333969116211                0
   10.715278413560656                1
   10.791666984558105                0
   10.798611429002550                1
   10.875000000000000                0
   10.881944444444445                1
   10.958333969116211                0
   10.965278413560656                1
   11.041666984558105                0
   11.048611429002550                1
   11.125000000000000                0
   11.131944444444445                1
   11.208333969116211                0
   11.215278413560656                1
   11.291666984558105                0
   11.298611429002550                1
   11.375000000000000                0
   11.381944444444445                1
   11.458333969116211                0
   11.465278413560656                1
   11.541666984558105                0
   11.548611429002550                1
   11.625000000000000                0
   11.631944444444445                1
   11.708333969116211                0
   11.715278413560656                1
   11.791666984558105                0
   11.798611429002550                1
   11.875000000000000                0
   11.881944444444445                1
   11.958333969116211                0
   11.965278413560656                1
   12.041666984558105                0
   12.048611429002550                1
   12.125000000000000                0
   12.131944444444445                1
   12.208333969116211                0
   12.215278413560656                1
   12.291666984558105                0
   12.298611429002550                1
   12.375000000000000                0
   12.381944444444445                1
   12.458333969116211                0
   12.465278413560656                1
   12.541666984558105                0
   12.548611429002550                1
   12.625000000000000                0
   12.631944444444445                1
   12.708333969116211                0
   12.715278413560656                1
   12.791666984558105                0
   12.798611429002550                1
   12.875000000000000                0
   12.881944444444445                1
   12.958333969116211                0
   12.965278413560656                1
   13.041666984558105                0
   13.048611429002550                1
   13.125000000000000                0
   13.131944444444445                1
   13.208333969116211                0
   13.215278413560656                1
   13.291666984558105                0
   13.298611429002550                1
   13.375000000000000                0
   13.381944444444445                1
   13.458333969116211                0
   13.465278413560656                1
   13.541666984558105                0
   13.548611429002550                1
   13.625000000000000                0
   13.631944444444445                1
   13.708333969116211                0
   13.715278413560656                1
   13.791666984558105                0
   13.798611429002550                1
   13.875000000000000                0
   13.881944444444445                1
   13.958333969116211                0
   13.965278413560656                1
   14.041666984558105                0
   14.048611429002550                1
   14.125000000000000                0
   14.131944444444445                1
   14.208333969116211                0
   14.215278413560656                1
   14.291666984558105                0
   14.298611429002550                1
   14.375000000000000                0
   14.381944444444445                1
   14.458333969116211                0
   14.465278413560656                1
   14.541666984558105                0
   14.548611429002550                1
   14.625000000000000                0
   14.631944444444445                1
   14.708333969116211                0
   14.715278413560656                1
   14.791666984558105                0
   14.798611429002550                1
   14.875000000000000                0
   14.881944444444445                1
   14.958333969116211                0
   14.965278413560656                1
   15.041666984558105                0
   15.048611429002550                1
   15.125000000000000                0
   15.131944444444445                1
   15.208333969116211                0
   15.215278413560656                1
   15.291666984558105                0
   15.298611429002550                1
   15.375000000000000                0
   15.381944444444445                1
   15.458333969116211                0
   15.465278413560656                1
   15.541666984558105                0
   15.548611429002550                1
   15.625000000000000                0
   15.631944444444445                1
   15.708333969116211                0
   15.715278413560656                1
   15.791666984558105                0
   15.798611429002550                1
   15.875000000000000                0
   15.881944444444445                1
   15.958333969116211                0
   15.965278413560656                1
   16.041666030883789                0
   16.048610475328232                1
   16.125000000000000                0
   16.131944444444443                1
   16.208332061767578                0
   16.215276506212021                1
   16.291666030883789                0
   16.298610475328232                1
   16.375000000000000                0
   16.381944444444443                1
   16.458332061767578                0
   16.465276506212021                1
   16.541666030883789                0
   16.548610475328232                1
   16.625000000000000                0
   16.631944444444443                1
   16.708332061767578                0
   16.715276506212021                1
   16.791666030883789                0
   16.798610475328232                1
   16.875000000000000                0
   16.881944444444443                1
   16.958332061767578                0
   16.965276506212021                1
   17.041666030883789                0
   17.048610475328232                1
   17.125000000000000                0
   17.131944444444443                1
   17.208332061767578                0
   17.215276506212021                1
   17.291666030883789                0
   17.298610475328232                1
   17.375000000000000                0
   17.381944444444443                1
   17.458332061767578                0
   17.465276506212021                1
   17.541666030883789                0
   17.548610475328232                1
   17.625000000000000                0
   17.631944444444443                1
   17.708332061767578                0
   17.715276506212021                1
   17.791666030883789                0
   17.798610475328232                1
   17.875000000000000                0
   17.881944444444443                1
   17.958332061767578                0
   17.965276506212021                1
   18.041666030883789                0
   18.048610475328232                1
   18.125000000000000                0
   18.131944444444443                1
   18.208332061767578                0
   18.215276506212021                1
   18.291666030883789                0
   18.298610475328232                1
   18.375000000000000                0
   18.381944444444443                1
   18.458332061767578                0
   18.465276506212021                1
   18.541666030883789                0
   18.548610475328232                1
   18.625000000000000                0
   18.631944444444443                1
   18.708332061767578                0
   18.715276506212021                1
   18.791666030883789                0
   18.798610475328232                1
   18.875000000000000                0
   18.881944444444443                1
   18.958332061767578                0
   18.965276506212021                1
   19.041666030883789                0
   19.048610475328232                1
   19.125000000000000                0
   19.131944444444443                1
   19.208332061767578                0
   19.215276506212021                1
   19.291666030883789                0
   19.298610475328232                1
   19.375000000000000                0
   19.381944444444443                1
   19.458332061767578                0
   19.465276506212021                1
   19.541666030883789                0
   19.548610475328232                1
   19.625000000000000                0
   19.631944444444443                1
   19.708332061767578                0
   19.715276506212021                1
   19.791666030883789                0
   19.798610475328232                1
   19.875000000000000                0
   19.881944444444443                1
   19.958332061767578                0
   19.965276506212021                1
   20.041666030883789                0
   20.048610475328232                1
   20.125000000000000                0
   20.131944444444443                1
   20.208332061767578                0
   20.215276506212021                1
   20.291666030883789                0
   20.298610475328232                1
   20.375000000000000                0
   20.381944444444443                1
   20.458332061767578                0
   20.465276506212021                1
   20.541666030883789                0
   20.548610475328232                1
   20.625000000000000                0
   20.631944444444443                1
   20.708332061767578                0
   20.715276506212021                1
   20.791666030883789                0
   20.798610475328232                1
   20.875000000000000                0
   20.881944444444443                1
   20.958332061767578                0
   20.965276506212021                1
   21.041666030883789                0
   21.048610475328232                1
   21.125000000000000                0
   21.131944444444443                1
   21.208332061767578                0
   21.215276506212021                1
   21.291666030883789                0
   21.298610475328232                1
   21.375000000000000                0
   21.381944444444443                1
   21.458332061767578                0
   21.465276506212021                1
   21.541666030883789                0
   21.548610475328232                1
   21.625000000000000                0
   21.631944444444443                1
   21.708332061767578                0
   21.715276506212021                1
   21.791666030883789                0
   21.798610475328232                1
   21.875000000000000                0
   21.881944444444443                1
   21.958332061767578                0
   21.965276506212021                1
   22.041666030883789                0
   22.048610475328232                1
   22.125000000000000                0
   22.131944444444443                1
   22.208332061767578                0
   22.215276506212021                1
   22.291666030883789                0
   22.298610475328232                1
   22.375000000000000                0
   22.381944444444443                1
   22.458332061767578                0
   22.465276506212021                1
   22.541666030883789                0
   22.548610475328232                1
   22.625000000000000                0
   22.631944444444443                1
   22.708332061767578                0
   22.715276506212021                1
   22.791666030883789                0
   22.798610475328232                1
   22.875000000000000                0
   22.881944444444443                1
   22.958332061767578                0
   22.965276506212021                1
   23.041666030883789                0
   23.048610475328232                1
   23.125000000000000                0
   23.131944444444443                1
   23.208332061767578                0
   23.215276506212021                1
   23.291666030883789                0
   23.298610475328232                1
   23.375000000000000                0
   23.381944444444443                1
   23.458332061767578                0
   23.465276506212021                1
   23.541666030883789                0
   23.548610475328232                1
   23.625000000000000                0
   23.631944444444443                1
   23.708332061767578                0
   23.715276506212021                1
   23.791666030883789                0
   23.798610475328232                1
   23.875000000000000                0
   23.881944444444443                1
   23.958332061767578                0
   23.965276506212021                1
   24.041666030883789                0
   24.048610475328232                1
