datetime       PBR  vol_F2_added  O2     Temp
20171017-0720  0    0.0           226.8
20171017-0720  1    135.0         208.3
20171017-0720  2    0.0           238.9
20171017-0720  3    150.0         209.5
20171017-0720  4    0.0           222.2
20171017-1400  1    0.0           228.3
20171017-1400  2    0.0           213.7
20171017-1400  3    0.0           230.5
20171017-1400  0    0.0           227.0
20171017-1820  1    0.0           224.3
20171017-1820  2    215.0         213.8
20171017-1840  3    0.0           214.9
20171017-1855  4    195.0         209.9
20171017-1900  0    0.0           227.5
20171018-0715  1    125.0         211.6
20171018-0715  2    0.0           222.2
20171018-0717  3    140.0         213.1
20171018-0715  4    0.0           221.8
20171018-0700  0    0.0           227.5
20171018-1400  1    0.0           223.0
20171018-1400  2    0.0           211.5
20171018-1400  3    0.0           228.3
20171018-1400  4    0.0           210.0
20171018-1400  0    0.0           226.8
20171018-1820  2    150.0         214.0
20171018-1905  4    170.0         215.3
20171018-1820  3    0.0           222.9
20171018-1820  1    0.0           223.5
20171018-1820  0    0.0           226.5 #
20171019-0715  0    0.0           226.1
20171019-0715  1    165.0         211.8
20171019-0710  2    0.0           231.9
20171019-0722  3    170.0         217.7
20171019-0715  4    0.0           225.2
20171019-1400  1    0.0           225.5
20171019-1400  2    0.0           212.0
20171019-1400  3    0.0           234.5
20171019-1400  4    0.0           210.4
20171019-1820  0    0.            210.
20171019-1820  1    0.0           224.7
20171019-1820  2    160.0         210.0
20171019-1820  3    0.0           215.3
20171019-1828  4    180.0         204.9
20171020-0720  0    0.0           225.5
20171020-0720  1    125.0         212.3
20171020-0720  2    0.0           224.4
20171020-0722  3    150.0         210.3
20171020-0720  4    0.0           218.7
20171020-1400  1    0.0           227.1
20171020-1400  2    0.0           208.8
20171020-1400  3    0.0           229.5
20171020-1400  4    0.0           208.6
20171020-1840  3    0.0           217.5
20171020-1840  1    0.0           217.4
20171020-1840  2    0.0           206.3
20171020-1840  4    0.0           204.3
