-100. 0. 0. 
0.30208333333333337 0.0 0.0
0.3090277777777778 0.0 0.0
0.7847222222222222 28079.999999999996 195.0
0.7916666666666666 0.0 0.0
1.298611111111111 0.0 0.0
1.3055555555555556 0.0 0.0
1.579861111111111 0.0 0.0
1.5868055555555556 0.0 0.0
1.7916666666666665 24480.0 170.0
1.7986111111111112 0.0 0.0
2.298611111111111 0.0 0.0
2.305555555555556 0.0 0.0
2.579861111111111 0.0 0.0
2.586805555555556 0.0 0.0
2.765972222222222 25920.0 180.0
2.7729166666666667 0.0 0.0
3.302083333333333 0.0 0.0
3.3090277777777777 0.0 0.0
3.579861111111111 0.0 0.0
3.586805555555556 0.0 0.0
3.7743055555555554 0.0 0.0
3.78125 0.0 0.0
