time_range  0.613  4.830
O20                  227.69             226              5
DIC0                 1255.4         1.5e+03            200
TA0                  1713.1        1.68e+03             20
P            8             400            0.3
  0.700           224.7
  1.370          283.96
  1.700          233.88
  2.370           326.6
  2.700          183.62
  3.370          366.32
  3.700           241.8
  4.370          493.23
R            10              40            0.3
  0.700          30.175
  0.830          24.929
  1.370          54.718
  1.830          16.106
  2.370          31.575
  2.830          15.084
  3.370          39.551
  3.830          48.552
  4.370          52.139
  4.830          9.4145
kla1         5               3            0.4
  0.700          5.5537
  1.700          5.4371
  2.700          6.7688
  3.700          7.0783
  4.700          6.1507
km2          3             200           0.35
  0.780          64.847
  2.780           159.7
  4.800          117.23
PQd          8             0.4              1
  0.700         0.89205
  1.200         0.81192
  1.700         0.97157
  2.200         0.60491
  2.700         0.69099
  3.200         0.65081
  3.700         0.78306
  4.200         0.77411
PQn          2            0.66              1
  0.700               1
  4.700         0.99996
NCd          5               0           0.25
  0.700         0.12651
  1.700        0.057554
  2.700          0.2162
  3.700         0.11801
  4.700         0.15385
O2_off              -2.5913               0              5
sg2_DA               115.21              20            0.3
sg2_O2               1.4551              50            0.3
sg2_pH              0.10338            0.05            0.3
