time_range  0.61304 4.7
O20                  230.               200            240
DIC0                1200.0              100          4e+03
TA0                  1700.         1.61e+03       2.47e+03
P            1             200            450
  0.700          200.
R            1              50            150
  0.700           20.
kla1         1               2             20
  0.700          5.0
km2          1              50           1000
  0.780          200.
PQd          1             0.4              1
  0.700         0.7
PQn          1            0.66              1
  0.700         0.7
NCd          1               0            0.2
  0.700         0.1
O2_off               0.0000              -8              8
sg2_DA               90.287             0.5              2
sg2_O2               2.4726             0.5            2.1
sg2_pH             6.89e-06           0.005           0.05
