time_range  0.613  4.830
O20                  229.39             226              5
DIC0                 1309.6         1.5e+03            200
TA0                  1740.2        1.68e+03             20
P            12             400            0.3
  0.840          318.74
  1.080          356.86
  1.330          286.53
  1.840          299.88
  2.080           372.8
  2.330          386.52
  2.840          310.05
  3.080          338.95
  3.330          536.31
  3.840             336
  4.080          370.35
  4.330          496.05
R            17              40            0.3
  0.650          15.812
  0.840          29.428
  1.080          45.255
  1.330          56.606
  1.580          32.076
  1.840          11.538
  2.330          27.297
  2.580           23.74
  2.844          11.385
  3.080          35.852
  3.330          23.207
  3.580          36.817
  3.840          26.668
  4.080           33.22
  4.330          31.767
  4.580          32.708
  4.800          7.9766
kla1         17               3            0.4
  0.650          4.9433
  0.840          3.9533
  1.080          5.5747
  1.330          5.5777
  1.580          4.9703
  1.840          4.7908
  2.330          7.2547
  2.580          4.4335
  2.844          4.9102
  3.080          7.1892
  3.330            6.64
  3.580          5.4017
  3.840          7.0467
  4.080          6.6104
  4.330           6.087
  4.580          4.8759
  4.800          3.6009
km2          12             200           0.35
  0.840          367.36
  1.080          146.91
  1.330          167.66
  1.840          322.37
  2.080          216.59
  2.330          143.76
  2.840          268.64
  3.080          162.46
  3.330          268.86
  3.840          347.35
  4.080          199.62
  4.330          181.99
PQd          12             0.4              1
  0.840         0.93338
  1.080          0.7385
  1.330          0.5995
  1.840         0.99376
  2.080          0.6627
  2.330         0.69816
  2.840         0.98621
  3.080          0.5724
  3.330         0.67787
  3.840         0.99964
  4.080         0.60728
  4.330         0.73777
PQn          13            0.66              1
  0.650         0.66686
  0.840         0.99607
  1.080         0.73319
  1.330         0.99683
  1.840         0.99518
  2.330         0.99995
  2.844         0.99922
  3.080         0.67878
  3.330         0.66736
  3.840         0.90442
  4.080         0.99963
  4.330         0.66567
  4.800         0.99952
NCd          12               0           0.25
  0.840         0.38449
  1.080        0.037129
  1.330         0.11899
  1.840         0.11296
  2.080         0.05586
  2.330         0.13487
  2.840        0.041004
  3.080          0.2142
  3.330        0.053389
  3.840        0.026625
  4.080         0.28556
  4.330        0.085202
O2_off              -1.4804               0              5
sg2_DA               91.278              20            0.3
sg2_O2               1.0979              50            0.3
sg2_pH              0.02795            0.05            0.3
