time_range  0.613  4.830
O20                  228.76             226              5
DIC0                 1266.2         1.5e+03            200
TA0                    1697        1.68e+03             20
P            12             400            0.3
  0.840          309.25
  1.080          324.94
  1.330           327.2
  1.840          280.03
  2.080          336.97
  2.330          399.89
  2.840          312.07
  3.080          360.33
  3.330          365.92
  3.840          274.17
  4.080          338.25
  4.330          626.11
R            17              40            0.3
  0.650          22.419
  0.840          24.182
  1.080          60.004
  1.330           59.89
  1.580          31.636
  1.840          14.211
  2.330          25.638
  2.580          23.814
  2.844          14.286
  3.080          43.869
  3.330           28.45
  3.580          42.523
  3.840           28.71
  4.080          30.568
  4.330          40.745
  4.580          36.808
  4.800          9.1145
kla1         17               3            0.4
  0.650          5.1626
  0.840          4.4092
  1.080          5.5748
  1.330           5.616
  1.580          4.8666
  1.840          4.8157
  2.330          7.2341
  2.580          4.6908
  2.844          4.8413
  3.080          7.1963
  3.330          6.6207
  3.580          5.2925
  3.840          6.9346
  4.080          6.6575
  4.330           5.982
  4.580          5.0245
  4.800          3.5382
km2          12             200           0.35
  0.840          262.66
  1.080          124.02
  1.330          156.82
  1.840          243.48
  2.080          148.26
  2.330           225.7
  2.840          382.67
  3.080          174.57
  3.330          136.84
  3.840           162.7
  4.080          152.18
  4.330          195.71
PQd          12             0.4              1
  0.840         0.99519
  1.080          0.6581
  1.330         0.74866
  1.840         0.94808
  2.080          0.7009
  2.330         0.51589
  2.840         0.91038
  3.080         0.59674
  3.330         0.73572
  3.840         0.92609
  4.080          0.6975
  4.330          0.7978
PQn          13            0.66              1
  0.650         0.96157
  0.840          0.9898
  1.080         0.74648
  1.330          0.9987
  1.840         0.99245
  2.330         0.99917
  2.844         0.99812
  3.080         0.66073
  3.330         0.75834
  3.840         0.96473
  4.080         0.96321
  4.330         0.84437
  4.800         0.98939
NCd          12               0           0.25
  0.840         0.28024
  1.080         0.14626
  1.330         0.11183
  1.840         0.13002
  2.080        0.099266
  2.330        0.074663
  2.840         0.21351
  3.080         0.13845
  3.330         0.14139
  3.840         0.29511
  4.080        0.049638
  4.330        0.089285
O2_off              -1.5629               0              5
sg2_DA                85.89              20            0.3
sg2_O2                 1.05              50            0.3
sg2_pH             0.033243            0.05            0.3
