#time_rel NO3_uM  PO4_uM
 3.3062  636.452  0.316 
 3.3062  635.645  0.316 
 3.3132  721.452  1.895 
 3.3132  720.645  1.895 
 3.5931  640.645  1.264 
 3.5931  639.355  1.264 
 4.3090  516.452  0.316 
 4.3090  519.355  0.632 
 4.3160  702.097  3.264 
 4.3160  703.548  3.264 
 4.6035  593.548  1.474 
 4.6035  599.355  1.474 
 5.3062  265.645  0.105 
 5.3062  260.645  0.211 
 5.3132  347.097  1.053 
 5.3132  350.000  1.053 
 5.5771  302.097  0.316 
 5.5771  302.097  0.316 
 6.3076  422.903  0.421 
 6.3076  420.000  0.526 
 6.3146  603.548  0.421 
 6.3146  601.452  0.421 
 6.5951  575.645  1.369 
 6.5951  576.452  1.264 
