
0.61487269  8.49
0.61841435  8.47
0.62195602  8.45
0.62549769  8.45
0.62903935  8.43
0.63258102  8.43
0.63612269  8.41
0.63966435  8.40
0.64320602  8.40
0.64674769  8.38
0.65028935  8.36
0.65376157  8.36
0.65730324  8.34
0.66084491  8.34
0.66438657  8.32
0.66792824  8.32
0.67146991  8.30
0.67501157  8.29
0.67855324  8.29
0.68209491  8.27
0.68563657  8.27
0.68917824  8.25
0.69271991  8.25
0.69619213  8.23
0.69973380  8.23
0.70334491  8.21
0.70681713  8.21
0.71035880  8.21
0.71390046  8.20
0.71744213  8.19
0.72098380  8.19
0.72452546  8.18
0.72806713  8.18
0.73160880  8.18
0.73515046  8.16
0.73869213  8.16
0.74223380  8.16
0.74577546  8.14
0.74931713  8.14
0.75278935  8.14
0.75633102  8.13
0.75987269  8.12
0.76341435  8.12
0.76695602  8.12
0.77049769  8.10
0.77403935  8.10
0.77758102  8.10
0.78112269  8.09
0.78466435  8.08
0.78820602  8.08
0.79167824  8.08
0.79521991  8.08
0.79883102  8.08
0.80230324  8.08
0.80584491  8.07
0.80938657  8.07
0.81292824  8.07
0.81646991  8.07
0.82001157  8.06
0.82355324  8.05
0.82709491  8.05
0.83063657  8.05
0.83410880  8.05
0.83771991  8.10
0.84126157  8.16
0.84473380  8.20
0.84827546  8.25
0.85181713  8.29
0.85542824  8.32
0.85890046  8.36
0.86244213  8.40
0.86598380  8.43
0.86952546  8.47
0.87306713  8.49
0.87660880  8.53
0.88015046  8.56
0.88369213  8.60
0.88723380  8.63
0.89077546  8.67
0.89431713  8.69
0.89785880  8.73
0.90140046  8.75
0.90494213  8.78
0.90848380  8.80
0.91202546  8.82
0.91556713  8.84
0.91910880  8.88
0.92265046  8.89
0.92612269  8.91
0.92973380  8.94
0.93327546  8.97
0.93674769  8.99
0.94028935  9.00
0.94383102  9.04
0.94744213  9.06
0.95091435  9.08
0.95445602  9.10
0.95799769  9.12
0.96153935  9.15
0.96508102  9.19
0.96862269  9.23
0.97216435  9.27
0.97570602  9.28
0.97924769  9.31
0.98278935  9.34
0.98633102  9.36
0.98987269  9.38
0.99341435  9.40
0.99695602  9.41
1.00049769  9.45
1.00403935  9.47
1.00758102  9.49
1.01112269  9.51
1.01466435  9.53
1.01813657  9.54
1.02174769  9.58
1.02528935  9.60
1.02876157  9.62
1.03230324  9.64
1.03584491  9.66
1.03945602  9.68
1.04292824  9.70
1.04646991  9.71
1.05001157  9.75
1.05355324  9.77
1.05709491  9.79
1.06063657  9.81
1.06417824  9.81
1.06771991  9.83
1.07126157  9.83
1.07480324  9.85
1.07834491  9.86
1.08188657  9.86
1.08542824  9.86
1.08896991  9.88
1.09251157  9.88
1.09605324  9.90
1.09959491  9.90
1.10313657  9.90
1.10667824  9.92
1.11015046  9.92
1.11376157  9.92
1.11730324  9.94
1.12077546  9.94
1.12431713  9.94
1.12785880  9.95
1.13146991  9.96
1.13494213  9.98
1.13848380  9.98
1.14202546  10.00
1.14556713  10.00
1.14910880  10.00
1.15265046  10.00
1.15619213  10.00
1.15973380  10.00
1.16327546  10.00
1.16681713  10.00
1.17035880  10.00
1.17390046  10.00
1.17744213  10.00
1.18098380  10.01
1.18452546  10.02
1.18806713  10.01
1.19160880  10.02
1.19515046  10.02
1.19869213  10.02
1.20216435  10.01
1.20577546  10.02
1.20931713  10.01
1.21278935  10.02
1.21633102  10.03
1.21987269  10.03
1.22341435  10.03
1.22695602  10.03
1.23049769  10.03
1.23403935  10.03
1.23758102  10.03
1.24112269  10.03
1.24466435  10.03
1.24820602  10.03
1.25174769  10.03
1.25528935  10.03
1.25883102  10.02
1.26237269  10.02
1.26591435  10.02
1.26945602  10.02
1.27299769  10.02
1.27653935  10.02
1.28008102  10.02
1.28362269  10.02
1.28716435  10.01
1.29070602  10.00
1.29417824  10.00
1.29778935  10.02
1.30133102  10.02
1.30487269  10.02
1.30834491  10.02
1.31188657  10.02
1.31542824  10.02
1.31896991  9.99
1.32251157  10.00
1.32605324  10.00
1.32959491  10.00
1.33313657  10.00
1.33667824  9.98
1.34021991  9.96
1.34376157  9.94
1.34730324  9.93
1.35084491  9.91
1.35438657  9.88
1.35792824  9.86
1.36146991  9.84
1.36494213  9.83
1.36848380  9.81
1.37202546  9.77
1.37556713  9.75
1.37910880  9.75
1.38265046  9.73
1.38619213  9.71
1.38973380  9.69
1.39327546  9.66
1.39681713  9.64
1.40035880  9.62
1.40390046  9.58
1.40737269  9.56
1.41091435  9.54
1.41445602  9.51
1.41799769  9.49
1.42153935  9.47
1.42508102  9.45
1.42862269  9.43
1.43216435  9.39
1.43570602  9.38
1.43924769  9.36
1.44278935  9.34
1.44626157  9.32
1.44987269  9.30
1.45341435  9.28
1.45688657  9.26
1.46042824  9.24
1.46396991  9.23
1.46751157  9.23
1.47105324  9.21
1.47459491  9.19
1.47813657  9.17
1.48167824  9.15
1.48521991  9.13
1.48883102  9.11
1.49237269  9.10
1.49584491  9.08
1.49938657  9.06
1.50292824  9.04
1.50646991  9.02
1.51001157  9.00
1.51355324  8.98
1.51709491  8.97
1.52063657  8.95
1.52417824  8.95
1.52771991  8.93
1.53126157  8.91
1.53473380  8.89
1.53827546  8.87
1.54181713  8.86
1.54535880  8.86
1.54890046  8.86
1.55244213  8.84
1.55598380  8.82
1.55952546  8.80
1.56306713  8.80
1.56660880  8.78
1.57015046  8.76
1.57369213  8.74
1.57716435  8.74
1.58070602  8.73
1.58424769  8.71
1.58778935  8.69
1.59133102  8.67
1.59487269  8.67
1.59841435  8.65
1.60195602  8.64
1.60549769  8.63
1.60903935  8.62
1.61258102  8.60
1.61612269  8.59
1.61959491  8.58
1.62320602  8.56
1.62667824  8.56
1.63021991  8.55
1.63376157  8.54
1.63730324  8.54
1.64084491  8.52
1.64438657  8.51
1.64792824  8.51
1.65146991  8.49
1.65501157  8.48
1.65848380  8.47
1.66209491  8.45
1.66563657  8.45
1.66910880  8.43
1.67265046  8.43
1.67619213  8.41
1.67973380  8.40
1.68327546  8.39
1.68681713  8.38
1.69035880  8.38
1.69390046  8.36
1.69744213  8.36
1.70098380  8.34
1.70452546  8.34
1.70799769  8.32
1.71153935  8.32
1.71508102  8.32
1.71862269  8.30
1.72216435  8.30
1.72570602  8.29
1.72924769  8.29
1.73278935  8.28
1.73633102  8.27
1.73987269  8.26
1.74341435  8.25
1.74695602  8.25
1.75042824  8.23
1.75396991  8.23
1.75758102  8.21
1.76105324  8.21
1.76459491  8.21
1.76813657  8.19
1.77167824  8.19
1.77521991  8.19
1.77876157  8.18
1.78230324  8.18
1.78584491  8.17
1.78938657  8.16
1.79285880  8.13
1.79646991  8.12
1.80001157  8.12
1.80348380  8.12
1.80702546  8.12
1.81056713  8.10
1.81410880  8.10
1.81765046  8.10
1.82119213  8.10
1.82473380  8.10
1.82827546  8.10
1.83181713  8.10
1.83535880  8.10
1.83890046  8.16
1.84244213  8.19
1.84598380  8.23
1.84945602  8.27
1.85306713  8.30
1.85660880  8.34
1.86008102  8.38
1.86362269  8.41
1.86716435  8.45
1.87077546  8.47
1.87424769  8.51
1.87778935  8.52
1.88133102  8.56
1.88487269  8.59
1.88841435  8.62
1.89195602  8.64
1.89549769  8.67
1.89903935  8.69
1.90258102  8.71
1.90612269  8.75
1.90966435  8.76
1.91320602  8.78
1.91674769  8.80
1.92028935  8.84
1.92383102  8.86
1.92737269  8.88
1.93091435  8.91
1.93445602  8.93
1.93792824  8.95
1.94146991  8.97
1.94508102  9.00
1.94862269  9.02
1.95209491  9.04
1.95563657  9.08
1.95917824  9.10
1.96271991  9.12
1.96626157  9.15
1.96980324  9.19
1.97334491  9.21
1.97688657  9.23
1.98042824  9.27
1.98396991  9.28
1.98751157  9.31
1.99105324  9.34
1.99459491  9.36
1.99813657  9.39
2.00167824  9.41
2.00521991  9.43
2.00876157  9.47
2.01230324  9.49
2.01584491  9.53
2.01938657  9.55
2.02292824  9.56
2.02646991  9.59
2.02994213  9.62
2.03348380  9.64
2.03709491  9.66
2.04063657  9.70
2.04417824  9.71
2.04765046  9.73
2.05119213  9.77
2.05480324  9.79
2.05827546  9.81
2.06181713  9.83
2.06535880  9.85
2.06890046  9.86
2.07244213  9.86
2.07598380  9.88
2.07952546  9.90
2.08306713  9.91
2.08660880  9.92
2.09015046  9.94
2.09369213  9.94
2.09723380  9.96
2.10077546  9.96
2.10431713  9.98
2.10785880  9.98
2.11140046  10.00
2.11494213  9.99
2.11848380  10.02
2.12202546  10.02
2.12549769  10.02
2.12910880  10.03
2.13265046  10.04
2.13612269  10.05
2.13966435  10.05
2.14320602  10.07
2.14681713  10.07
2.15028935  10.07
2.15383102  10.07
2.15737269  10.07
2.16091435  10.08
2.16445602  10.09
2.16799769  10.09
2.17153935  10.09
2.17508102  10.09
2.17862269  10.09
2.18216435  10.11
2.18570602  10.11
2.18924769  10.11
2.19278935  10.11
2.19633102  10.11
2.19987269  10.12
2.20341435  10.12
2.20695602  10.13
2.21049769  10.13
2.21396991  10.13
2.21751157  10.13
2.22112269  10.13
2.22466435  10.13
2.22813657  10.15
2.23167824  10.15
2.23521991  10.15
2.23876157  10.15
2.24230324  10.15
2.24584491  10.15
2.24938657  10.15
2.25292824  10.15
2.25646991  10.15
2.26001157  10.15
2.26355324  10.15
2.26709491  10.15
2.27063657  10.15
2.27417824  10.16
2.27771991  10.16
2.28126157  10.15
2.28480324  10.17
2.28827546  10.15
2.29181713  10.17
2.29542824  10.17
2.29896991  10.17
2.30244213  10.18
2.30598380  10.17
2.30952546  10.18
2.31306713  10.17
2.31660880  10.18
2.32015046  10.18
2.32369213  10.16
2.32723380  10.18
2.33077546  10.18
2.33431713  10.16
2.33785880  10.18
2.34140046  10.16
2.34494213  10.17
2.34848380  10.16
2.35202546  10.15
2.35556713  10.15
2.35910880  10.13
2.36265046  10.13
2.36612269  10.11
2.36973380  10.09
2.37327546  10.09
2.37674769  10.07
2.38028935  10.07
2.38383102  10.07
2.38737269  10.05
2.39091435  10.05
2.39445602  10.01
2.39799769  10.01
2.40153935  10.01
2.40508102  9.99
2.40862269  9.97
2.41216435  9.95
2.41570602  9.94
2.41917824  9.92
2.42271991  9.90
2.42626157  9.89
2.42980324  9.86
2.43334491  9.86
2.43688657  9.84
2.44042824  9.82
2.44396991  9.81
2.44751157  9.77
2.45105324  9.77
2.45459491  9.73
2.45813657  9.71
2.46167824  9.71
2.46521991  9.69
2.46876157  9.67
2.47230324  9.66
2.47577546  9.64
2.47931713  9.62
2.48285880  9.58
2.48640046  9.56
2.48994213  9.54
2.49348380  9.52
2.49702546  9.51
2.50056713  9.48
2.50410880  9.47
2.50765046  9.43
2.51119213  9.41
2.51473380  9.39
2.51820602  9.38
2.52174769  9.36
2.52535880  9.34
2.52883102  9.32
2.53237269  9.30
2.53591435  9.28
2.53945602  9.26
2.54299769  9.24
2.54653935  9.24
2.55008102  9.23
2.55362269  9.21
2.55716435  9.19
2.56070602  9.17
2.56424769  9.15
2.56778935  9.13
2.57133102  9.12
2.57480324  9.10
2.57834491  9.10
2.58195602  9.06
2.58549769  9.06
2.58896991  9.04
2.59251157  9.02
2.59605324  9.01
2.59966435  8.98
2.60313657  8.98
2.60667824  8.97
2.61021991  8.95
2.61376157  8.94
2.61730324  8.93
2.62084491  8.91
2.62438657  8.89
2.62792824  8.89
2.63146991  8.89
2.63494213  8.87
2.63855324  8.86
2.64209491  8.84
2.64563657  8.84
2.64917824  8.82
2.65271991  8.81
2.65626157  8.80
2.65980324  8.78
2.66334491  8.76
2.66681713  8.74
2.67035880  8.74
2.67396991  8.73
2.67751157  8.72
2.68098380  8.71
2.68452546  8.69
2.68806713  8.67
2.69160880  8.67
2.69515046  8.65
2.69869213  8.64
2.70223380  8.63
2.70577546  8.62
2.70931713  8.60
2.71285880  8.60
2.71640046  8.60
2.71994213  8.60
2.72348380  8.58
2.72702546  8.58
2.73056713  8.56
2.73410880  8.54
2.73765046  8.54
2.74112269  8.53
2.74466435  8.52
2.74827546  8.51
2.75181713  8.51
2.75535880  8.49
2.75883102  8.51
2.76237269  8.48
2.76598380  8.49
2.76945602  8.47
2.77299769  8.46
2.77653935  8.45
2.78008102  8.45
2.78362269  8.45
2.78716435  8.43
2.79070602  8.43
2.79424769  8.43
2.79778935  8.32
2.80133102  8.30
2.80487269  8.30
2.80841435  8.29
2.81195602  8.29
2.81549769  8.30
2.81903935  8.29
2.82258102  8.29
2.82612269  8.29
2.82966435  8.27
2.83320602  8.29
2.83667824  8.30
2.84028935  8.32
2.84383102  8.36
2.84737269  8.38
2.85091435  8.41
2.85438657  8.45
2.85799769  8.47
2.86153935  8.51
2.86508102  8.52
2.86855324  8.54
2.87209491  8.58
2.87570602  8.60
2.87924769  8.63
2.88271991  8.67
2.88626157  8.69
2.88980324  8.71
2.89341435  8.73
2.89695602  8.76
2.90042824  8.78
2.90396991  8.80
2.90751157  8.84
2.91112269  8.86
2.91459491  8.87
2.91813657  8.91
2.92167824  8.91
2.92521991  8.95
2.92876157  8.97
2.93230324  8.99
2.93584491  9.02
2.93938657  9.04
2.94292824  9.06
2.94646991  9.08
2.95001157  9.10
2.95355324  9.12
2.95709491  9.14
2.96063657  9.17
2.96417824  9.21
2.96771991  9.23
2.97126157  9.27
2.97480324  9.28
2.97834491  9.30
2.98188657  9.33
2.98542824  9.34
2.98896991  9.38
2.99251157  9.40
2.99605324  9.41
2.99952546  9.45
3.00313657  9.47
3.00667824  9.49
3.01021991  9.53
3.01369213  9.54
3.01723380  9.56
3.02084491  9.58
3.02438657  9.62
3.02785880  9.64
3.03140046  9.66
3.03494213  9.68
3.03855324  9.71
3.04202546  9.72
3.04556713  9.75
3.04910880  9.79
3.05265046  9.81
3.05619213  9.83
3.05973380  9.85
3.06327546  9.86
3.06681713  9.87
3.07035880  9.88
3.07390046  9.90
3.07744213  9.92
3.08098380  9.94
3.08452546  9.94
3.08806713  9.96
3.09160880  9.96
3.09515046  9.98
3.09869213  9.99
3.10223380  10.00
3.10577546  10.01
3.10931713  10.02
3.11285880  10.03
3.11640046  10.03
3.11994213  10.03
3.12348380  10.05
3.12695602  10.05
3.13056713  10.07
3.13410880  10.07
3.13765046  10.07
3.14112269  10.09
3.14466435  10.09
3.14827546  10.09
3.15181713  10.09
3.15528935  10.09
3.15883102  10.11
3.16237269  10.11
3.16591435  10.11
3.16945602  10.11
3.17299769  10.13
3.17653935  10.13
3.18008102  10.13
3.18362269  10.13
3.18716435  10.13
3.19070602  10.13
3.19424769  10.13
3.19778935  10.14
3.20133102  10.15
3.20487269  10.15
3.20841435  10.15
3.21195602  10.15
3.21549769  10.15
3.21903935  10.15
3.22258102  10.15
3.22612269  10.16
3.22966435  10.17
3.23320602  10.17
3.23674769  10.17
3.24028935  10.17
3.24383102  10.17
3.24737269  10.17
3.25091435  10.17
3.25445602  10.17
3.25799769  10.16
3.26153935  10.17
3.26508102  10.17
3.26862269  10.17
3.27209491  10.17
3.27570602  10.17
3.27924769  10.17
3.28278935  10.17
3.28626157  10.17
3.28980324  10.17
3.29334491  10.17
3.29695602  10.16
3.30042824  10.18
3.30396991  10.18
3.30751157  10.17
3.31105324  10.18
3.31466435  10.17
3.31813657  10.17
3.32167824  10.17
3.32521991  10.17
3.32876157  10.16
3.33230324  10.16
3.33584491  10.16
3.33938657  10.15
3.34292824  10.15
3.34646991  10.15
3.35001157  10.15
3.35355324  10.13
3.35709491  10.13
3.36063657  10.11
3.36417824  10.09
3.36771991  10.09
3.37126157  10.09
3.37480324  10.07
3.37834491  10.07
3.38181713  10.07
3.38535880  10.06
3.38896991  10.05
3.39244213  10.03
3.39598380  10.03
3.39952546  10.01
3.40306713  10.01
3.40660880  9.99
3.41015046  9.99
3.41369213  9.98
3.41723380  9.98
3.42077546  9.96
3.42431713  9.94
3.42785880  9.94
3.43140046  9.92
3.43494213  9.90
3.43841435  9.89
3.44195602  9.88
3.44556713  9.86
3.44903935  9.86
3.45258102  9.84
3.45612269  9.82
3.45966435  9.81
3.46327546  9.80
3.46681713  9.79
3.47035880  9.77
3.47383102  9.75
3.47737269  9.73
3.48098380  9.71
3.48445602  9.69
3.48806713  9.68
3.49160880  9.66
3.49508102  9.64
3.49869213  9.62
3.50223380  9.60
3.50570602  9.56
3.50924769  9.54
3.51278935  9.53
3.51633102  9.51
3.51987269  9.49
3.52341435  9.47
3.52695602  9.47
3.53049769  9.45
3.53410880  9.41
3.53765046  9.41
3.54112269  9.38
3.54466435  9.38
3.54820602  9.37
3.55181713  9.36
3.55535880  9.34
3.55890046  9.32
3.56244213  9.30
3.56605324  9.28
3.56959491  9.26
3.57306713  9.25
3.57660880  9.23
3.58021991  9.23
3.58383102  9.20
3.58730324  9.19
3.59091435  9.17
3.59445602  9.15
3.59799769  9.13
3.60153935  9.11
3.60508102  9.11
3.60862269  9.10
3.61216435  9.08
3.61570602  9.08
3.61924769  9.06
3.62278935  9.04
3.62626157  9.04
3.62980324  9.02
3.63341435  9.02
3.63695602  9.01
3.64042824  9.00
3.64396991  8.98
3.64751157  8.97
3.65105324  8.97
3.65459491  8.95
3.65813657  8.93
3.66167824  8.93
3.66521991  8.91
3.66876157  8.90
3.67230324  8.89
3.67584491  8.87
3.67938657  8.87
3.68292824  8.86
3.68640046  8.84
3.69001157  8.84
3.69355324  8.82
3.69709491  8.82
3.70056713  8.80
3.70410880  8.80
3.70771991  8.78
3.71119213  8.78
3.71473380  8.78
3.71827546  8.76
3.72181713  8.74
3.72535880  8.74
3.72890046  8.73
3.73244213  8.73
3.73598380  8.71
3.73959491  8.71
3.74313657  8.69
3.74667824  8.69
3.75021991  8.67
3.75369213  8.65
3.75723380  8.65
3.76077546  8.63
3.76438657  8.63
3.76792824  8.63
3.77146991  8.45
3.77501157  8.45
3.77862269  8.45
3.78216435  8.43
3.78563657  8.43
3.78917824  8.41
3.79278935  8.41
3.79626157  8.41
3.79980324  8.40
3.80334491  8.40
3.80688657  8.40
3.81049769  8.40
3.81403935  8.38
3.81751157  8.37
3.82105324  8.38
3.82459491  8.36
3.82813657  8.36
3.83167824  8.36
3.83521991  8.36
3.83876157  8.38
3.84230324  8.41
3.84584491  8.44
3.84938657  8.47
3.85292824  8.51
3.85646991  8.52
3.86001157  8.56
3.86355324  8.58
3.86709491  8.60
3.87063657  8.62
3.87417824  8.64
3.87771991  8.67
3.88119213  8.70
3.88480324  8.73
3.88834491  8.75
3.89188657  8.76
3.89535880  8.78
3.89890046  8.82
3.90251157  8.82
3.90605324  8.85
3.90952546  8.88
3.91306713  8.89
3.91660880  8.91
3.92015046  8.95
3.92369213  8.95
3.92723380  8.99
3.93077546  9.01
3.93431713  9.02
3.93785880  9.04
3.94140046  9.07
3.94494213  9.09
3.94848380  9.12
3.95202546  9.13
3.95556713  9.15
3.95910880  9.17
3.96265046  9.21
3.96619213  9.25
3.96973380  9.27
3.97327546  9.28
3.97681713  9.30
3.98035880  9.34
3.98390046  9.36
3.98744213  9.38
3.99091435  9.40
3.99452546  9.41
3.99806713  9.45
4.00160880  9.47
4.00508102  9.49
4.00862269  9.53
4.01223380  9.54
4.01570602  9.56
4.01924769  9.58
4.02278935  9.62
4.02633102  9.64
4.02987269  9.66
4.03341435  9.68
4.03695602  9.69
4.04049769  9.71
4.04403935  9.73
4.04758102  9.77
4.05112269  9.79
4.05466435  9.81
4.05820602  9.83
4.06174769  9.84
4.06528935  9.86
4.06883102  9.88
4.07237269  9.89
4.07591435  9.92
4.07945602  9.92
4.08299769  9.94
4.08653935  9.94
4.09008102  9.96
4.09362269  9.98
4.09716435  9.98
4.10063657  9.99
4.10424769  9.99
4.10778935  10.01
4.11133102  10.01
4.11480324  10.03
4.11834491  10.03
4.12195602  10.03
4.12542824  10.05
4.12896991  10.05
4.13251157  10.07
4.13605324  10.07
4.13959491  10.07
4.14313657  10.09
4.14667824  10.09
4.15021991  10.09
4.15376157  10.11
4.15730324  10.11
4.16084491  10.11
4.16438657  10.11
4.16792824  10.11
4.17146991  10.13
4.17501157  10.13
4.17855324  10.13
4.18209491  10.14
4.18563657  10.15
4.18917824  10.13
4.19271991  10.15
4.19626157  10.15
4.19980324  10.15
4.20334491  10.15
4.20688657  10.15
4.21035880  10.15
4.21396991  10.17
4.21751157  10.16
4.22105324  10.16
4.22452546  10.17
4.22806713  10.16
4.23167824  10.18
4.23515046  10.18
4.23869213  10.18
4.24223380  10.18
4.24577546  10.18
4.24931713  10.18
4.25285880  10.18
4.25640046  10.18
4.25994213  10.20
4.26348380  10.18
4.26702546  10.18
4.27056713  10.20
4.27410880  10.19
4.27765046  10.20
4.28119213  10.20
4.28473380  10.18
4.28827546  10.20
4.29181713  10.20
4.29535880  10.20
4.29890046  10.24
4.30244213  10.21
4.30598380  10.22
4.30952546  10.22
4.31306713  10.20
4.31660880  10.24
4.32008102  10.20
4.32369213  10.20
4.32723380  10.20
4.33070602  10.20
4.33424769  10.22
4.33778935  10.20
4.34133102  10.22
4.34487269  10.22
4.34841435  10.18
4.35195602  10.22
4.35549769  10.20
4.35903935  10.18
4.36258102  10.20
4.36612269  10.16
4.36966435  10.18
4.37320602  10.18
4.37667824  10.15
4.38028935  10.19
4.38383102  10.16
4.38730324  10.15
4.39084491  10.18
4.39438657  10.11
4.39792824  10.13
4.40146991  10.13
4.40501157  10.09
4.40855324  10.14
4.41209491  10.07
4.41563657  10.09
4.41917824  10.07
4.42271991  10.03
4.42626157  10.05
4.42973380  9.99
4.43327546  9.98
4.43681713  9.97
4.44035880  9.92
4.44390046  9.92
4.44744213  9.88
4.45098380  9.86
4.45452546  9.84
4.45806713  9.81
4.46160880  9.79
4.46515046  9.77
4.46869213  9.75
4.47216435  9.73
4.47570602  9.69
4.47931713  9.69
4.48278935  9.67
4.48633102  9.64
4.48987269  9.63
4.49341435  9.60
4.49695602  9.58
4.50049769  9.56
4.50403935  9.53
4.50758102  9.51
4.51112269  9.49
4.51466435  9.47
4.51820602  9.45
4.52174769  9.41
4.52528935  9.39
4.52876157  9.38
4.53230324  9.36
4.53591435  9.36
4.53938657  9.34
4.54292824  9.32
4.54646991  9.32
4.55001157  9.30
4.55355324  9.28
4.55709491  9.26
4.56063657  9.24
4.56417824  9.25
4.56771991  9.23
4.57126157  9.19
4.57480324  9.19
4.57834491  9.17
4.58188657  9.15
4.58535880  9.13
4.58890046  9.11
4.59251157  9.10
4.59598380  9.10
4.59952546  9.08
4.60306713  9.06
4.60660880  9.04
4.61015046  9.04
4.61369213  9.02
4.61723380  9.00
4.62077546  8.98
4.62431713  8.97
4.62778935  8.97
4.63140046  8.97
4.63494213  8.95
4.63841435  8.95
4.64195602  8.93
4.64549769  8.91
4.64903935  8.91
4.65258102  8.89
4.65612269  8.87
4.65966435  8.87
4.66320602  8.86
4.66674769  8.84
4.67028935  8.82
4.67383102  8.82
4.67737269  8.80
4.68084491  8.80
4.68438657  8.78
4.68799769  8.76
4.69146991  8.76
4.69501157  8.74
4.69855324  8.74
4.70209491  8.73
4.70563657  8.72
4.70917824  8.71
4.71271991  8.71
4.71626157  8.70
4.71980324  8.69
4.72334491  8.67
4.72688657  8.67
4.73042824  8.65
4.73396991  8.65
4.73744213  8.63
4.74098380  8.63
4.74459491  8.62
4.74806713  8.60
4.75160880  8.60
4.75515046  8.58
4.75869213  8.58
4.76223380  8.56
4.76577546  8.55
4.76931713  8.54
4.77285880  8.53
4.77640046  8.52
4.77987269  8.51
4.78348380  8.51
