  3.28541667  2071.4000  2098.3000 7.478
  3.31319444  1945.1920  1995.9600 NaN
  3.59305556  1798.4000  2110.0000 8.147
  4.30138889  2118.6000  2133.4000 7.525
  4.32916667  1956.2800  1997.1200 NaN
  4.60347222  1912.0000  2117.5000 8.039
  5.30138889  2184.3000  2210.0000 7.485
  5.32916667  2013.5080  2061.3340 NaN
  5.57708333  1944.9000  2180.1000 8.009
  6.29722222  2220.3000  2249.8000 7.528
  6.32500000  2039.6880  2087.2240 NaN
  6.41666667  2220.3000  2249.8000 7.528
  6.59513889  2099.3000  2211.6000 7.796
