-100. 0. 0. 
-20.704166666666666 24480.0 170
-20.697222222222223 0.0 0.0
-20.410416666666666 0.0 0
-20.403472222222224 0.0 0.0
-19.688194444444445 28799.999999999996 200
-19.681250000000002 0.0 0.0
-19.4 0.0 0
-19.393055555555556 0.0 0.0
-18.688194444444445 26639.999999999996 185
-18.681250000000002 0.0 0.0
-18.426388888888887 0.0 0
-18.419444444444444 0.0 0.0
-17.69236111111111 25920.0 180
-17.68541666666667 0.0 0.0
-17.586805555555554 0.0 0
-17.57986111111111 0.0 0.0
-17.40833333333333 0.0 0
-17.40138888888889 0.0 0.0
