-9.50797454 500.00
-9.12478009 0.00
-8.62478009 500.00
-8.12484954 0.00
-7.62484954 500.00
-7.31758102 100.00
-7.31730324 500.00
-7.31695602 1000.00
-7.12494213 0.00
-6.62480324 1000.00
-6.12494213 0.00
-5.62480324 1000.00
-5.12501157 0.00
-4.62487269 1000.00
-4.16646991 0.00
-3.66633102 1000.00
-3.24987269 0.00
-2.74952546 1000.00
-2.24980324 0.00
-1.74938657 1000.00
-1.24966435 0.00
-0.75001157 1000.00
-0.24952546 0.00
0.25019676 1000.00
0.70318287 2000.00
0.83394676 0.00
1.33366898 2000.00
1.83401620 0.00
2.33373843 2000.00
2.83359954 0.00
3.33401620 2000.00
3.83387731 0.00
4.33359954 2000.00
4.83339120 0.00
5.33380787 2000.00
5.83359954 0.00
6.33394676 2000.00
6.74945602 100.00
6.74952546 2000.00
6.75084491 1000.00
