 3.3062   0.600 
 3.3132   0.362 
 3.5931   0.362 
 3.5931   0.572 
 3.5931   0.572 
 3.5931   0.572 
 3.5931   0.572 
 3.5931   0.572 
 4.3090   0.670 
 4.3160   0.362 
 4.6035   0.362 
 4.6035   0.584 
 4.6035   0.584 
 4.6035   0.584 
 4.6035   0.584 
 4.6035   0.584 
 5.3062   0.634 
 5.3132   0.392 
 5.5771   0.392 
 5.5771   0.616 
 5.5771   0.616 
 5.5771   0.616 
 5.5771   0.616 
 5.5771   0.616 
 6.3076   0.620 
 6.3146   0.397 
 6.7708   0.454 
 6.7708   0.637 
 6.7708   0.687 
 6.7708   0.700 
 6.7708   0.766 
 6.7708   0.840 
 6.7708   0.840 
 6.7708   0.840 
 6.7708   0.840 
 6.7708   0.840 
 6.7708   0.840 
 6.7708   0.840 
 6.7708   0.840 
 6.7708   0.840 
 6.7708   0.840 
 6.7708   0.840 
 6.7708   0.840 
 6.7708   0.840 
