0. 0.
-3.52758102 1.0
-3.52746527926 0.0
-3.52688657 1.0
-3.52677082926 0.0
-3.52619213 1.0
-3.52607638926 0.0
-3.52549769 1.0
-3.52538194926 0.0
-3.52480324 1.0
-3.52468749926 0.0
-3.5241088 1.0
-3.52399305926 0.0
-3.52334491 1.0
-3.52322916926 0.0
-3.52265046 1.0
-3.52253471926 0.0
-3.52195602 1.0
-3.52184027926 0.0
-3.52126157 1.0
-3.52114582926 0.0
-3.52056713 1.0
-3.52045138926 0.0
-3.51987269 1.0
-3.51975694926 0.0
-3.51917824 1.0
-3.51906249926 0.0
-3.51876157 1.0
-3.51864582926 0.0
-3.51806713 1.0
-3.51795138926 0.0
-3.51737269 1.0
-3.51725694926 0.0
-3.51667824 1.0
-3.51656249926 0.0
-3.51452546 1.0
-3.51440971926 0.0
-3.51390046 1.0
-3.51378471926 0.0
-3.51313657 1.0
-3.51302082926 0.0
-3.51244213 1.0
-3.51232638926 0.0
-3.51174769 1.0
-3.51163194926 0.0
-3.51105324 1.0
-3.51093749926 0.0
-3.49424769 1.0
-3.49413194926 0.0
-3.49355324 1.0
-3.49343749926 0.0
-3.4928588 1.0
-3.49274305926 0.0
-3.49216435 1.0
-3.49204860926 0.0
-3.49146991 1.0
-3.49135416926 0.0
-3.49077546 1.0
-3.49065971926 0.0
-3.46834491 1.0
-3.46822916926 0.0
-3.46765046 1.0
-3.46753471926 0.0
-3.46695602 1.0
-3.46684027926 0.0
-3.46626157 1.0
-3.46614582926 0.0
-3.46556713 1.0
-3.46545138926 0.0
-3.46487269 1.0
-3.46475694926 0.0
-3.46417824 1.0
-3.46406249926 0.0
-3.4634838 1.0
-3.46336805926 0.0
-3.46278935 1.0
-3.46267360926 0.0
-3.46209491 1.0
-3.46197916926 0.0
-3.46140046 1.0
-3.46128471926 0.0
-3.46070602 1.0
-3.46059027926 0.0
-3.46001157 1.0
-3.45989582926 0.0
-3.45931713 1.0
-3.45920138926 0.0
-3.45855324 1.0
-3.45843749926 0.0
-3.45792824 1.0
-3.45781249926 0.0
-3.45716435 1.0
-3.45704860926 0.0
-3.45646991 1.0
-3.45635416926 0.0
-3.45577546 1.0
-3.45565971926 0.0
-3.45508102 1.0
-3.45496527926 0.0
-3.45438657 1.0
-3.45427082926 0.0
-3.45369213 1.0
-3.45357638926 0.0
-3.45299769 1.0
-3.45288194926 0.0
-3.45230324 1.0
-3.45218749926 0.0
-3.4516088 1.0
-3.45149305926 0.0
-3.45091435 1.0
-3.45079860926 0.0
-3.45021991 1.0
-3.45010416926 0.0
-3.44952546 1.0
-3.44940971926 0.0
-3.44883102 1.0
-3.44871527926 0.0
-3.44813657 1.0
-3.44802082926 0.0
-3.44737269 1.0
-3.44725694926 0.0
-3.44667824 1.0
-3.44656249926 0.0
-3.4459838 1.0
-3.44586805926 0.0
-3.44528935 1.0
-3.44517360926 0.0
-3.44459491 1.0
-3.44447916926 0.0
-3.44390046 1.0
-3.44378471926 0.0
-3.44320602 1.0
-3.44309027926 0.0
-3.44251157 1.0
-3.44239582926 0.0
-3.44181713 1.0
-3.44170138926 0.0
-3.44112269 1.0
-3.44100694926 0.0
-3.4403588 1.0
-3.44024305926 0.0
-3.43966435 1.0
-3.43954860926 0.0
-3.43896991 1.0
-3.43885416926 0.0
-3.43827546 1.0
-3.43815971926 0.0
-3.43758102 1.0
-3.43746527926 0.0
-3.43688657 1.0
-3.43677082926 0.0
-3.43619213 1.0
-3.43607638926 0.0
-3.43549769 1.0
-3.43538194926 0.0
-3.35924769 1.0
-3.35913194926 0.0
-3.35855324 1.0
-3.35843749926 0.0
-3.3578588 1.0
-3.35774305926 0.0
-3.35716435 1.0
-3.35704860926 0.0
-3.35702546 1.0
-3.35690971926 0.0
-3.35695602 1.0
-3.35684027926 0.0
-3.35640046 1.0
-3.35628471926 0.0
-3.35570602 1.0
-3.35559027926 0.0
-3.35542824 1.0
-3.35531249926 0.0
-3.3547338 1.0
-3.35461805926 0.0
-3.35403935 1.0
-3.35392360926 0.0
-3.34077546 1.0
-3.34065971926 0.0
-3.32119213 1.0
-3.32107638926 0.0
-3.3016088 1.0
-3.30149305926 0.0
-3.28271991 1.0
-3.28260416926 0.0
-3.26313657 1.0
-3.26302082926 0.0
-2.72362269 1.0
-2.72350694926 0.0
-2.71105324 1.0
-2.71093749926 0.0
-2.69570602 1.0
-2.69559027926 0.0
-2.68028935 1.0
-2.68017360926 0.0
-2.66355324 1.0
-2.66343749926 0.0
-2.64744213 1.0
-2.64732638926 0.0
-2.63278935 1.0
-2.63267360926 0.0
-2.61528935 1.0
-2.61517360926 0.0
-2.5978588 1.0
-2.59774305926 0.0
-2.58174769 1.0
-2.58163194926 0.0
-2.56501157 1.0
-2.56489582926 0.0
-2.54890046 1.0
-2.54878471926 0.0
-2.5334838 1.0
-2.53336805926 0.0
-2.52306713 1.0
-2.52295138926 0.0
-2.50695602 1.0
-2.50684027926 0.0
-2.49230324 1.0
-2.49218749926 0.0
-2.46640046 1.0
-2.46628471926 0.0
-2.45383102 1.0
-2.45371527926 0.0
-2.44265046 1.0
-2.44253471926 0.0
-2.42869213 1.0
-2.42857638926 0.0
-2.41466435 1.0
-2.41454860926 0.0
-2.4034838 1.0
-2.40336805926 0.0
-2.38952546 1.0
-2.38940971926 0.0
-2.37480324 1.0
-2.37468749926 0.0
-2.36292824 1.0
-2.36281249926 0.0
-2.35105324 1.0
-2.35093749926 0.0
-2.33640046 1.0
-2.33628471926 0.0
-2.32174769 1.0
-2.32163194926 0.0
-2.30633102 1.0
-2.30621527926 0.0
-2.29445602 1.0
-2.29434027926 0.0
-2.28049769 1.0
-2.28038194926 0.0
-2.26515046 1.0
-2.26503471926 0.0
-2.25188657 1.0
-2.25177082926 0.0
-1.71855324 1.0
-1.71843749926 0.0
-1.7178588 1.0
-1.71774305926 0.0
-1.71646991 1.0
-1.71635416926 0.0
-1.7116088 1.0
-1.71149305926 0.0
-1.70883102 1.0
-1.70871527926 0.0
-1.70806713 1.0
-1.70795138926 0.0
-1.70737269 1.0
-1.70725694926 0.0
-1.70667824 1.0
-1.70656249926 0.0
-1.7059838 1.0
-1.70586805926 0.0
-1.70528935 1.0
-1.70517360926 0.0
-1.70459491 1.0
-1.70447916926 0.0
-1.70390046 1.0
-1.70378471926 0.0
-1.70320602 1.0
-1.70309027926 0.0
-1.70251157 1.0
-1.70239582926 0.0
-1.70181713 1.0
-1.70170138926 0.0
-1.70112269 1.0
-1.70100694926 0.0
-1.70042824 1.0
-1.70031249926 0.0
-1.6997338 1.0
-1.69961805926 0.0
-1.69903935 1.0
-1.69892360926 0.0
-1.69834491 1.0
-1.69822916926 0.0
-1.69765046 1.0
-1.69753471926 0.0
-1.69695602 1.0
-1.69684027926 0.0
-1.69619213 1.0
-1.69607638926 0.0
-1.69549769 1.0
-1.69538194926 0.0
-1.69480324 1.0
-1.69468749926 0.0
-1.6941088 1.0
-1.69399305926 0.0
-1.69341435 1.0
-1.69329860926 0.0
-1.69271991 1.0
-1.69260416926 0.0
-1.69202546 1.0
-1.69190971926 0.0
-1.69133102 1.0
-1.69121527926 0.0
-1.69063657 1.0
-1.69052082926 0.0
-1.68994213 1.0
-1.68982638926 0.0
-1.68924769 1.0
-1.68913194926 0.0
-1.68855324 1.0
-1.68843749926 0.0
-1.6878588 1.0
-1.68774305926 0.0
-1.68709491 1.0
-1.68697916926 0.0
-1.68640046 1.0
-1.68628471926 0.0
-1.68570602 1.0
-1.68559027926 0.0
-1.68501157 1.0
-1.68489582926 0.0
-1.68431713 1.0
-1.68420138926 0.0
-1.68362269 1.0
-1.68350694926 0.0
-1.68292824 1.0
-1.68281249926 0.0
-1.6822338 1.0
-1.68211805926 0.0
-1.68153935 1.0
-1.68142360926 0.0
-1.68084491 1.0
-1.68072916926 0.0
-1.68015046 1.0
-1.68003471926 0.0
-1.67945602 1.0
-1.67934027926 0.0
-1.67876157 1.0
-1.67864582926 0.0
-1.67806713 1.0
-1.67795138926 0.0
-1.67737269 1.0
-1.67725694926 0.0
-1.67667824 1.0
-1.67656249926 0.0
-1.6759838 1.0
-1.67586805926 0.0
-1.67521991 1.0
-1.67510416926 0.0
-1.67452546 1.0
-1.67440971926 0.0
-1.67383102 1.0
-1.67371527926 0.0
-1.67313657 1.0
-1.67302082926 0.0
-1.67244213 1.0
-1.67232638926 0.0
-1.67174769 1.0
-1.67163194926 0.0
-1.67105324 1.0
-1.67093749926 0.0
-1.67028935 1.0
-1.67017360926 0.0
-1.66959491 1.0
-1.66947916926 0.0
-1.66890046 1.0
-1.66878471926 0.0
-1.66820602 1.0
-1.66809027926 0.0
-1.66751157 1.0
-1.66739582926 0.0
-1.66681713 1.0
-1.66670138926 0.0
-1.66612269 1.0
-1.66600694926 0.0
-1.66542824 1.0
-1.66531249926 0.0
-1.6647338 1.0
-1.66461805926 0.0
-1.66403935 1.0
-1.66392360926 0.0
-1.66334491 1.0
-1.66322916926 0.0
-1.66265046 1.0
-1.66253471926 0.0
-1.66195602 1.0
-1.66184027926 0.0
-1.66126157 1.0
-1.66114582926 0.0
-1.66056713 1.0
-1.66045138926 0.0
-1.65987269 1.0
-1.65975694926 0.0
-1.65917824 1.0
-1.65906249926 0.0
-1.6584838 1.0
-1.65836805926 0.0
-1.65778935 1.0
-1.65767360926 0.0
-1.65709491 1.0
-1.65697916926 0.0
-1.65640046 1.0
-1.65628471926 0.0
-1.65570602 1.0
-1.65559027926 0.0
-1.65501157 1.0
-1.65489582926 0.0
-1.65431713 1.0
-1.65420138926 0.0
-1.65362269 1.0
-1.65350694926 0.0
-1.6528588 1.0
-1.65274305926 0.0
-1.65216435 1.0
-1.65204860926 0.0
-1.65146991 1.0
-1.65135416926 0.0
-1.65077546 1.0
-1.65065971926 0.0
-1.65008102 1.0
-1.64996527926 0.0
-1.64938657 1.0
-1.64927082926 0.0
-1.64869213 1.0
-1.64857638926 0.0
-1.64799769 1.0
-1.64788194926 0.0
-1.64730324 1.0
-1.64718749926 0.0
-1.6466088 1.0
-1.64649305926 0.0
-1.64591435 1.0
-1.64579860926 0.0
-1.64521991 1.0
-1.64510416926 0.0
-1.64452546 1.0
-1.64440971926 0.0
-1.64383102 1.0
-1.64371527926 0.0
-1.64306713 1.0
-1.64295138926 0.0
-1.64237269 1.0
-1.64225694926 0.0
-1.64167824 1.0
-1.64156249926 0.0
-1.6409838 1.0
-1.64086805926 0.0
-1.64028935 1.0
-1.64017360926 0.0
-1.63959491 1.0
-1.63947916926 0.0
-1.63890046 1.0
-1.63878471926 0.0
-1.63820602 1.0
-1.63809027926 0.0
-1.63751157 1.0
-1.63739582926 0.0
-1.63681713 1.0
-1.63670138926 0.0
-1.63612269 1.0
-1.63600694926 0.0
-1.63542824 1.0
-1.63531249926 0.0
-1.6347338 1.0
-1.63461805926 0.0
-1.63403935 1.0
-1.63392360926 0.0
-1.63334491 1.0
-1.63322916926 0.0
-1.63258102 1.0
-1.63246527926 0.0
-1.63188657 1.0
-1.63177082926 0.0
-1.63119213 1.0
-1.63107638926 0.0
-1.63049769 1.0
-1.63038194926 0.0
-1.62980324 1.0
-1.62968749926 0.0
-1.6291088 1.0
-1.62899305926 0.0
-1.62841435 1.0
-1.62829860926 0.0
-1.62771991 1.0
-1.62760416926 0.0
-1.62702546 1.0
-1.62690971926 0.0
-1.62633102 1.0
-1.62621527926 0.0
-1.62563657 1.0
-1.62552082926 0.0
-1.62494213 1.0
-1.62482638926 0.0
-1.62424769 1.0
-1.62413194926 0.0
-1.62355324 1.0
-1.62343749926 0.0
-1.6228588 1.0
-1.62274305926 0.0
-1.62216435 1.0
-1.62204860926 0.0
-1.62146991 1.0
-1.62135416926 0.0
-1.62070602 1.0
-1.62059027926 0.0
-1.62001157 1.0
-1.61989582926 0.0
-1.61931713 1.0
-1.61920138926 0.0
-1.61862269 1.0
-1.61850694926 0.0
-1.61792824 1.0
-1.61781249926 0.0
-1.6172338 1.0
-1.61711805926 0.0
-1.61653935 1.0
-1.61642360926 0.0
-1.61584491 1.0
-1.61572916926 0.0
-1.61515046 1.0
-1.61503471926 0.0
-1.61445602 1.0
-1.61434027926 0.0
-1.61376157 1.0
-1.61364582926 0.0
-1.61306713 1.0
-1.61295138926 0.0
-1.61237269 1.0
-1.61225694926 0.0
-1.6116088 1.0
-1.61149305926 0.0
-1.61091435 1.0
-1.61079860926 0.0
-1.61021991 1.0
-1.61010416926 0.0
-1.60952546 1.0
-1.60940971926 0.0
-1.60883102 1.0
-1.60871527926 0.0
-1.60813657 1.0
-1.60802082926 0.0
-1.60744213 1.0
-1.60732638926 0.0
-1.60674769 1.0
-1.60663194926 0.0
-1.60605324 1.0
-1.60593749926 0.0
-1.6053588 1.0
-1.60524305926 0.0
-1.60466435 1.0
-1.60454860926 0.0
-1.60396991 1.0
-1.60385416926 0.0
-1.60327546 1.0
-1.60315971926 0.0
-1.60258102 1.0
-1.60246527926 0.0
-1.60188657 1.0
-1.60177082926 0.0
-1.60119213 1.0
-1.60107638926 0.0
-1.60049769 1.0
-1.60038194926 0.0
-1.59980324 1.0
-1.59968749926 0.0
-1.5991088 1.0
-1.59899305926 0.0
-1.59841435 1.0
-1.59829860926 0.0
-1.59765046 1.0
-1.59753471926 0.0
-1.59695602 1.0
-1.59684027926 0.0
-1.59626157 1.0
-1.59614582926 0.0
-1.59556713 1.0
-1.59545138926 0.0
-1.59487269 1.0
-1.59475694926 0.0
-1.59417824 1.0
-1.59406249926 0.0
-1.5934838 1.0
-1.59336805926 0.0
-1.59278935 1.0
-1.59267360926 0.0
-1.59209491 1.0
-1.59197916926 0.0
-1.59140046 1.0
-1.59128471926 0.0
-1.59070602 1.0
-1.59059027926 0.0
-1.59001157 1.0
-1.58989582926 0.0
-1.58931713 1.0
-1.58920138926 0.0
-1.58855324 1.0
-1.58843749926 0.0
-1.5878588 1.0
-1.58774305926 0.0
-1.58716435 1.0
-1.58704860926 0.0
-1.58646991 1.0
-1.58635416926 0.0
-1.58577546 1.0
-1.58565971926 0.0
-1.58508102 1.0
-1.58496527926 0.0
-1.58438657 1.0
-1.58427082926 0.0
-1.58369213 1.0
-1.58357638926 0.0
-1.58299769 1.0
-1.58288194926 0.0
-1.58230324 1.0
-1.58218749926 0.0
-1.5816088 1.0
-1.58149305926 0.0
-1.58091435 1.0
-1.58079860926 0.0
-1.58021991 1.0
-1.58010416926 0.0
-1.57952546 1.0
-1.57940971926 0.0
-1.57883102 1.0
-1.57871527926 0.0
-1.57806713 1.0
-1.57795138926 0.0
-1.57737269 1.0
-1.57725694926 0.0
-1.57667824 1.0
-1.57656249926 0.0
-1.5759838 1.0
-1.57586805926 0.0
-1.57528935 1.0
-1.57517360926 0.0
-1.57459491 1.0
-1.57447916926 0.0
-1.57390046 1.0
-1.57378471926 0.0
-1.57320602 1.0
-1.57309027926 0.0
-1.57251157 1.0
-1.57239582926 0.0
-1.57181713 1.0
-1.57170138926 0.0
-1.57112269 1.0
-1.57100694926 0.0
-1.57042824 1.0
-1.57031249926 0.0
-1.5697338 1.0
-1.56961805926 0.0
-1.56903935 1.0
-1.56892360926 0.0
-1.56834491 1.0
-1.56822916926 0.0
-1.56765046 1.0
-1.56753471926 0.0
-1.56695602 1.0
-1.56684027926 0.0
-1.56619213 1.0
-1.56607638926 0.0
-1.56549769 1.0
-1.56538194926 0.0
-1.56480324 1.0
-1.56468749926 0.0
-1.5641088 1.0
-1.56399305926 0.0
-1.56341435 1.0
-1.56329860926 0.0
-1.56271991 1.0
-1.56260416926 0.0
-1.56202546 1.0
-1.56190971926 0.0
-1.56133102 1.0
-1.56121527926 0.0
-1.56063657 1.0
-1.56052082926 0.0
-1.55994213 1.0
-1.55982638926 0.0
-1.55924769 1.0
-1.55913194926 0.0
-1.55855324 1.0
-1.55843749926 0.0
-1.5578588 1.0
-1.55774305926 0.0
-1.55716435 1.0
-1.55704860926 0.0
-1.55640046 1.0
-1.55628471926 0.0
-1.55570602 1.0
-1.55559027926 0.0
-1.55501157 1.0
-1.55489582926 0.0
-1.55431713 1.0
-1.55420138926 0.0
-1.55362269 1.0
-1.55350694926 0.0
-1.55292824 1.0
-1.55281249926 0.0
-1.5522338 1.0
-1.55211805926 0.0
-1.55153935 1.0
-1.55142360926 0.0
-1.55084491 1.0
-1.55072916926 0.0
-1.55015046 1.0
-1.55003471926 0.0
-1.54945602 1.0
-1.54934027926 0.0
-1.54869213 1.0
-1.54857638926 0.0
-1.54799769 1.0
-1.54788194926 0.0
-1.54730324 1.0
-1.54718749926 0.0
-1.5466088 1.0
-1.54649305926 0.0
-1.54591435 1.0
-1.54579860926 0.0
-1.54521991 1.0
-1.54510416926 0.0
-1.54452546 1.0
-1.54440971926 0.0
-1.54383102 1.0
-1.54371527926 0.0
-1.54313657 1.0
-1.54302082926 0.0
-1.54244213 1.0
-1.54232638926 0.0
-1.54174769 1.0
-1.54163194926 0.0
-1.54105324 1.0
-1.54093749926 0.0
-1.5403588 1.0
-1.54024305926 0.0
-1.53966435 1.0
-1.53954860926 0.0
-1.53896991 1.0
-1.53885416926 0.0
-1.53827546 1.0
-1.53815971926 0.0
-1.53758102 1.0
-1.53746527926 0.0
-1.50265046 1.0
-1.50253471926 0.0
-1.4809838 1.0
-1.48086805926 0.0
-1.46903935 1.0
-1.46892360926 0.0
-1.45924769 1.0
-1.45913194926 0.0
-1.4516088 1.0
-1.45149305926 0.0
-1.44174769 1.0
-1.44163194926 0.0
-1.4341088 1.0
-1.43399305926 0.0
-1.42501157 1.0
-1.42489582926 0.0
-1.41591435 1.0
-1.41579860926 0.0
-1.40612269 1.0
-1.40600694926 0.0
-1.39563657 1.0
-1.39552082926 0.0
-1.38591435 1.0
-1.38579860926 0.0
-1.37605324 1.0
-1.37593749926 0.0
-1.3691088 1.0
-1.36899305926 0.0
-1.36077546 1.0
-1.36065971926 0.0
-1.35167824 1.0
-1.35156249926 0.0
-1.34188657 1.0
-1.34177082926 0.0
-1.33140046 1.0
-1.33128471926 0.0
-1.32369213 1.0
-1.32357638926 0.0
-1.31528935 1.0
-1.31517360926 0.0
-1.30619213 1.0
-1.30607638926 0.0
-1.29570602 1.0
-1.29559027926 0.0
-1.28667824 1.0
-1.28656249926 0.0
-1.27688657 1.0
-1.27677082926 0.0
-1.26702546 1.0
-1.26690971926 0.0
-1.2566088 1.0
-1.25649305926 0.0
-0.72133102 1.0
-0.721215279259 0.0
-0.72063657 1.0
-0.720520829259 0.0
-0.71994213 1.0
-0.719826389259 0.0
-0.71924769 1.0
-0.719131949259 0.0
-0.71855324 1.0
-0.718437499259 0.0
-0.7178588 1.0
-0.717743059259 0.0
-0.71640046 1.0
-0.716284719259 0.0
-0.71570602 1.0
-0.715590279259 0.0
-0.71501157 1.0
-0.714895829259 0.0
-0.71431713 1.0
-0.714201389259 0.0
-0.71362269 1.0
-0.713506949259 0.0
-0.71292824 1.0
-0.712812499259 0.0
-0.7122338 1.0
-0.712118059259 0.0
-0.71153935 1.0
-0.711423609259 0.0
-0.71084491 1.0
-0.710729169259 0.0
-0.71015046 1.0
-0.710034719259 0.0
-0.70945602 1.0
-0.709340279259 0.0
-0.70876157 1.0
-0.708645829259 0.0
-0.70806713 1.0
-0.707951389259 0.0
-0.70737269 1.0
-0.707256949259 0.0
-0.70667824 1.0
-0.706562499259 0.0
-0.7059838 1.0
-0.705868059259 0.0
-0.70528935 1.0
-0.705173609259 0.0
-0.70459491 1.0
-0.704479169259 0.0
-0.70383102 1.0
-0.703715279259 0.0
-0.70313657 1.0
-0.703020829259 0.0
-0.70244213 1.0
-0.702326389259 0.0
-0.70174769 1.0
-0.701631949259 0.0
-0.70105324 1.0
-0.700937499259 0.0
-0.7003588 1.0
-0.700243059259 0.0
-0.69966435 1.0
-0.699548609259 0.0
-0.69896991 1.0
-0.698854169259 0.0
-0.69827546 1.0
-0.698159719259 0.0
-0.69758102 1.0
-0.697465279259 0.0
-0.69688657 1.0
-0.696770829259 0.0
-0.69619213 1.0
-0.696076389259 0.0
-0.69542824 1.0
-0.695312499259 0.0
-0.6947338 1.0
-0.694618059259 0.0
-0.69403935 1.0
-0.693923609259 0.0
-0.69334491 1.0
-0.693229169259 0.0
-0.69265046 1.0
-0.692534719259 0.0
-0.69195602 1.0
-0.691840279259 0.0
-0.69126157 1.0
-0.691145829259 0.0
-0.69056713 1.0
-0.690451389259 0.0
-0.68987269 1.0
-0.689756949259 0.0
-0.6891088 1.0
-0.688993059259 0.0
-0.68841435 1.0
-0.688298609259 0.0
-0.68771991 1.0
-0.687604169259 0.0
-0.68702546 1.0
-0.686909719259 0.0
-0.68633102 1.0
-0.686215279259 0.0
-0.68563657 1.0
-0.685520829259 0.0
-0.68494213 1.0
-0.684826389259 0.0
-0.68424769 1.0
-0.684131949259 0.0
-0.68355324 1.0
-0.683437499259 0.0
-0.6828588 1.0
-0.682743059259 0.0
-0.68216435 1.0
-0.682048609259 0.0
-0.68146991 1.0
-0.681354169259 0.0
-0.68077546 1.0
-0.680659719259 0.0
-0.68008102 1.0
-0.679965279259 0.0
-0.67938657 1.0
-0.679270829259 0.0
-0.67869213 1.0
-0.678576389259 0.0
-0.67799769 1.0
-0.677881949259 0.0
-0.67730324 1.0
-0.677187499259 0.0
-0.6766088 1.0
-0.676493059259 0.0
-0.67591435 1.0
-0.675798609259 0.0
-0.67515046 1.0
-0.675034719259 0.0
-0.67445602 1.0
-0.674340279259 0.0
-0.67376157 1.0
-0.673645829259 0.0
-0.67306713 1.0
-0.672951389259 0.0
-0.67237269 1.0
-0.672256949259 0.0
-0.67167824 1.0
-0.671562499259 0.0
-0.6709838 1.0
-0.670868059259 0.0
-0.67028935 1.0
-0.670173609259 0.0
-0.66959491 1.0
-0.669479169259 0.0
-0.66890046 1.0
-0.668784719259 0.0
-0.66820602 1.0
-0.668090279259 0.0
-0.66751157 1.0
-0.667395829259 0.0
-0.66681713 1.0
-0.666701389259 0.0
-0.66612269 1.0
-0.666006949259 0.0
-0.66542824 1.0
-0.665312499259 0.0
-0.6647338 1.0
-0.664618059259 0.0
-0.66403935 1.0
-0.663923609259 0.0
-0.66334491 1.0
-0.663229169259 0.0
-0.66258102 1.0
-0.662465279259 0.0
-0.66188657 1.0
-0.661770829259 0.0
-0.66119213 1.0
-0.661076389259 0.0
-0.66049769 1.0
-0.660381949259 0.0
-0.65980324 1.0
-0.659687499259 0.0
-0.6591088 1.0
-0.658993059259 0.0
-0.65841435 1.0
-0.658298609259 0.0
-0.65771991 1.0
-0.657604169259 0.0
-0.65702546 1.0
-0.656909719259 0.0
-0.65633102 1.0
-0.656215279259 0.0
-0.65563657 1.0
-0.655520829259 0.0
-0.65494213 1.0
-0.654826389259 0.0
-0.65424769 1.0
-0.654131949259 0.0
-0.65355324 1.0
-0.653437499259 0.0
-0.6528588 1.0
-0.652743059259 0.0
-0.65209491 1.0
-0.651979169259 0.0
-0.65140046 1.0
-0.651284719259 0.0
-0.65070602 1.0
-0.650590279259 0.0
-0.65001157 1.0
-0.649895829259 0.0
-0.64931713 1.0
-0.649201389259 0.0
-0.64862269 1.0
-0.648506949259 0.0
-0.64792824 1.0
-0.647812499259 0.0
-0.6472338 1.0
-0.647118059259 0.0
-0.64653935 1.0
-0.646423609259 0.0
-0.64584491 1.0
-0.645729169259 0.0
-0.64515046 1.0
-0.645034719259 0.0
-0.64445602 1.0
-0.644340279259 0.0
-0.64376157 1.0
-0.643645829259 0.0
-0.64306713 1.0
-0.642951389259 0.0
-0.64237269 1.0
-0.642256949259 0.0
-0.6416088 1.0
-0.641493059259 0.0
-0.64091435 1.0
-0.640798609259 0.0
-0.64021991 1.0
-0.640104169259 0.0
-0.63952546 1.0
-0.639409719259 0.0
-0.63883102 1.0
-0.638715279259 0.0
-0.63813657 1.0
-0.638020829259 0.0
-0.63744213 1.0
-0.637326389259 0.0
-0.63667824 1.0
-0.636562499259 0.0
-0.6359838 1.0
-0.635868059259 0.0
-0.63528935 1.0
-0.635173609259 0.0
-0.63459491 1.0
-0.634479169259 0.0
-0.63390046 1.0
-0.633784719259 0.0
-0.63320602 1.0
-0.633090279259 0.0
-0.63251157 1.0
-0.632395829259 0.0
-0.63181713 1.0
-0.631701389259 0.0
-0.63112269 1.0
-0.631006949259 0.0
-0.63042824 1.0
-0.630312499259 0.0
-0.6297338 1.0
-0.629618059259 0.0
-0.62903935 1.0
-0.628923609259 0.0
-0.62834491 1.0
-0.628229169259 0.0
-0.62765046 1.0
-0.627534719259 0.0
-0.62695602 1.0
-0.626840279259 0.0
-0.62626157 1.0
-0.626145829259 0.0
-0.62556713 1.0
-0.625451389259 0.0
-0.62487269 1.0
-0.624756949259 0.0
-0.62417824 1.0
-0.624062499259 0.0
-0.6234838 1.0
-0.623368059259 0.0
-0.62278935 1.0
-0.622673609259 0.0
-0.62209491 1.0
-0.621979169259 0.0
-0.62140046 1.0
-0.621284719259 0.0
-0.62070602 1.0
-0.620590279259 0.0
-0.62001157 1.0
-0.619895829259 0.0
-0.61931713 1.0
-0.619201389259 0.0
-0.61862269 1.0
-0.618506949259 0.0
-0.61792824 1.0
-0.617812499259 0.0
-0.6172338 1.0
-0.617118059259 0.0
-0.61646991 1.0
-0.616354169259 0.0
-0.61577546 1.0
-0.615659719259 0.0
-0.61508102 1.0
-0.614965279259 0.0
-0.61438657 1.0
-0.614270829259 0.0
-0.61369213 1.0
-0.613576389259 0.0
-0.61299769 1.0
-0.612881949259 0.0
-0.61230324 1.0
-0.612187499259 0.0
-0.6116088 1.0
-0.611493059259 0.0
-0.61091435 1.0
-0.610798609259 0.0
-0.61021991 1.0
-0.610104169259 0.0
-0.60952546 1.0
-0.609409719259 0.0
-0.60883102 1.0
-0.608715279259 0.0
-0.60813657 1.0
-0.608020829259 0.0
-0.60744213 1.0
-0.607326389259 0.0
-0.60667824 1.0
-0.606562499259 0.0
-0.6059838 1.0
-0.605868059259 0.0
-0.60528935 1.0
-0.605173609259 0.0
-0.60459491 1.0
-0.604479169259 0.0
-0.60390046 1.0
-0.603784719259 0.0
-0.60320602 1.0
-0.603090279259 0.0
-0.60251157 1.0
-0.602395829259 0.0
-0.60181713 1.0
-0.601701389259 0.0
-0.60112269 1.0
-0.601006949259 0.0
-0.60042824 1.0
-0.600312499259 0.0
-0.5997338 1.0
-0.599618059259 0.0
-0.59903935 1.0
-0.598923609259 0.0
-0.59834491 1.0
-0.598229169259 0.0
-0.59765046 1.0
-0.597534719259 0.0
-0.59695602 1.0
-0.596840279259 0.0
-0.59626157 1.0
-0.596145829259 0.0
-0.59549769 1.0
-0.595381949259 0.0
-0.59480324 1.0
-0.594687499259 0.0
-0.5941088 1.0
-0.593993059259 0.0
-0.59341435 1.0
-0.593298609259 0.0
-0.59271991 1.0
-0.592604169259 0.0
-0.59202546 1.0
-0.591909719259 0.0
-0.59133102 1.0
-0.591215279259 0.0
-0.59063657 1.0
-0.590520829259 0.0
-0.58994213 1.0
-0.589826389259 0.0
-0.58924769 1.0
-0.589131949259 0.0
-0.58855324 1.0
-0.588437499259 0.0
-0.5878588 1.0
-0.587743059259 0.0
-0.58716435 1.0
-0.587048609259 0.0
-0.58646991 1.0
-0.586354169259 0.0
-0.58577546 1.0
-0.585659719259 0.0
-0.58501157 1.0
-0.584895829259 0.0
-0.58431713 1.0
-0.584201389259 0.0
-0.58362269 1.0
-0.583506949259 0.0
-0.58292824 1.0
-0.582812499259 0.0
-0.5822338 1.0
-0.582118059259 0.0
-0.58153935 1.0
-0.581423609259 0.0
-0.58084491 1.0
-0.580729169259 0.0
-0.58015046 1.0
-0.580034719259 0.0
-0.57945602 1.0
-0.579340279259 0.0
-0.57876157 1.0
-0.578645829259 0.0
-0.57799769 1.0
-0.577881949259 0.0
-0.57730324 1.0
-0.577187499259 0.0
-0.5766088 1.0
-0.576493059259 0.0
-0.57591435 1.0
-0.575798609259 0.0
-0.57521991 1.0
-0.575104169259 0.0
-0.57452546 1.0
-0.574409719259 0.0
-0.57383102 1.0
-0.573715279259 0.0
-0.57313657 1.0
-0.573020829259 0.0
-0.57244213 1.0
-0.572326389259 0.0
-0.57174769 1.0
-0.571631949259 0.0
-0.57105324 1.0
-0.570937499259 0.0
-0.57028935 1.0
-0.570173609259 0.0
-0.56966435 1.0
-0.569548609259 0.0
-0.56890046 1.0
-0.568784719259 0.0
-0.56820602 1.0
-0.568090279259 0.0
-0.56751157 1.0
-0.567395829259 0.0
-0.56681713 1.0
-0.566701389259 0.0
-0.56612269 1.0
-0.566006949259 0.0
-0.56542824 1.0
-0.565312499259 0.0
-0.5647338 1.0
-0.564618059259 0.0
-0.56403935 1.0
-0.563923609259 0.0
-0.56334491 1.0
-0.563229169259 0.0
-0.56265046 1.0
-0.562534719259 0.0
-0.56195602 1.0
-0.561840279259 0.0
-0.56126157 1.0
-0.561145829259 0.0
-0.56056713 1.0
-0.560451389259 0.0
-0.55987269 1.0
-0.559756949259 0.0
-0.55917824 1.0
-0.559062499259 0.0
-0.55841435 1.0
-0.558298609259 0.0
-0.55771991 1.0
-0.557604169259 0.0
-0.55702546 1.0
-0.556909719259 0.0
-0.55633102 1.0
-0.556215279259 0.0
-0.55563657 1.0
-0.555520829259 0.0
-0.55494213 1.0
-0.554826389259 0.0
-0.55424769 1.0
-0.554131949259 0.0
-0.55355324 1.0
-0.553437499259 0.0
-0.5528588 1.0
-0.552743059259 0.0
-0.55216435 1.0
-0.552048609259 0.0
-0.55146991 1.0
-0.551354169259 0.0
-0.55077546 1.0
-0.550659719259 0.0
-0.55008102 1.0
-0.549965279259 0.0
-0.54938657 1.0
-0.549270829259 0.0
-0.54890046 1.0
-0.548784719259 0.0
-0.54869213 1.0
-0.548576389259 0.0
-0.54813657 1.0
-0.548020829259 0.0
-0.54806713 1.0
-0.547951389259 0.0
-0.54799769 1.0
-0.547881949259 0.0
-0.54792824 1.0
-0.547812499259 0.0
-0.54758102 1.0
-0.547465279259 0.0
-0.54744213 1.0
-0.547326389259 0.0
-0.54730324 1.0
-0.547118059259 0.0
-0.54709491 1.0
-0.546909719259 0.0
-0.54653935 1.0
-0.546423609259 0.0
-0.54584491 1.0
-0.545729169259 0.0
-0.54515046 1.0
-0.545034719259 0.0
-0.54501157 1.0
-0.544895829259 0.0
-0.54487269 1.0
-0.544756949259 0.0
-0.54459491 1.0
-0.544479169259 0.0
-0.54445602 1.0
-0.544340279259 0.0
-0.54376157 1.0
-0.543645829259 0.0
-0.50883102 1.0
-0.508715279259 0.0
-0.47737269 1.0
-0.477256949259 0.0
-0.47459491 1.0
-0.474479169259 0.0
-0.47244213 1.0
-0.472326389259 0.0
-0.46688657 1.0
-0.466770829259 0.0
-0.46126157 1.0
-0.461145829259 0.0
-0.45640046 1.0
-0.456284719259 0.0
-0.45292824 1.0
-0.452812499259 0.0
-0.4466088 1.0
-0.446493059259 0.0
-0.44174769 1.0
-0.441631949259 0.0
-0.43612269 1.0
-0.436006949259 0.0
-0.42987269 1.0
-0.429756949259 0.0
-0.42355324 1.0
-0.423437499259 0.0
-0.4172338 1.0
-0.417118059259 0.0
-0.4109838 1.0
-0.410868059259 0.0
-0.40612269 1.0
-0.406006949259 0.0
-0.40466435 1.0
-0.404548609259 0.0
-0.39903935 1.0
-0.398923609259 0.0
-0.39417824 1.0
-0.394062499259 0.0
-0.38792824 1.0
-0.387812499259 0.0
-0.38653935 1.0
-0.386423609259 0.0
-0.38021991 1.0
-0.380104169259 0.0
-0.37390046 1.0
-0.373784719259 0.0
-0.3697338 1.0
-0.369618059259 0.0
-0.3641088 1.0
-0.363993059259 0.0
-0.35855324 1.0
-0.358437499259 0.0
-0.35646991 1.0
-0.356354169259 0.0
-0.34945602 1.0
-0.349340279259 0.0
-0.34383102 1.0
-0.343715279259 0.0
-0.33827546 1.0
-0.338159719259 0.0
-0.33202546 1.0
-0.331909719259 0.0
-0.32570602 1.0
-0.325590279259 0.0
-0.32077546 1.0
-0.320659719259 0.0
-0.31521991 1.0
-0.315104169259 0.0
-0.30890046 1.0
-0.308784719259 0.0
-0.30265046 1.0
-0.302534719259 0.0
-0.29771991 1.0
-0.297604169259 0.0
-0.29216435 1.0
-0.292048609259 0.0
-0.28792824 1.0
-0.287812499259 0.0
-0.28515046 1.0
-0.285034719259 0.0
-0.27744213 1.0
-0.277326389259 0.0
-0.27049769 1.0
-0.270381949259 0.0
-0.2634838 1.0
-0.263368059259 0.0
-0.25646991 1.0
-0.256354169259 0.0
-0.24952546 1.0
-0.249409719259 0.0
0.27748843 1.0
0.277604170741 0.0
0.27818287 1.0
0.278298610741 0.0
0.27887731 1.0
0.278993050741 0.0
0.27957176 1.0
0.279687500741 0.0
0.2802662 1.0
0.280381940741 0.0
0.28096065 1.0
0.281076390741 0.0
0.28165509 1.0
0.281770830741 0.0
0.28234954 1.0
0.282465280741 0.0
0.28304398 1.0
0.283159720741 0.0
0.28373843 1.0
0.283854170741 0.0
0.28443287 1.0
0.284548610741 0.0
0.28512731 1.0
0.285243050741 0.0
0.28582176 1.0
0.285937500741 0.0
0.2865162 1.0
0.286631940741 0.0
0.28728009 1.0
0.287395830741 0.0
0.28797454 1.0
0.288090280741 0.0
0.28866898 1.0
0.288784720741 0.0
0.28936343 1.0
0.289479170741 0.0
0.29005787 1.0
0.290173610741 0.0
0.29075231 1.0
0.290868050741 0.0
0.29144676 1.0
0.291562500741 0.0
0.2921412 1.0
0.292256940741 0.0
0.29283565 1.0
0.292951390741 0.0
0.29353009 1.0
0.293645830741 0.0
0.29422454 1.0
0.294340280741 0.0
0.29491898 1.0
0.295034720741 0.0
0.29568287 1.0
0.295798610741 0.0
0.29637731 1.0
0.296493050741 0.0
0.29707176 1.0
0.297187500741 0.0
0.2977662 1.0
0.297881940741 0.0
0.29846065 1.0
0.298576390741 0.0
0.29915509 1.0
0.299270830741 0.0
0.29984954 1.0
0.299965280741 0.0
0.30054398 1.0
0.300659720741 0.0
0.30123843 1.0
0.301354170741 0.0
0.30193287 1.0
0.302048610741 0.0
0.30262731 1.0
0.302743050741 0.0
0.30332176 1.0
0.303437500741 0.0
0.3040162 1.0
0.304131940741 0.0
0.30471065 1.0
0.304826390741 0.0
0.30540509 1.0
0.305520830741 0.0
0.30609954 1.0
0.306215280741 0.0
0.30679398 1.0
0.306909720741 0.0
0.30748843 1.0
0.307604170741 0.0
0.30818287 1.0
0.308298610741 0.0
0.30887731 1.0
0.308993050741 0.0
0.30957176 1.0
0.309687500741 0.0
0.31033565 1.0
0.310451390741 0.0
0.31103009 1.0
0.311145830741 0.0
0.31172454 1.0
0.311840280741 0.0
0.31241898 1.0
0.312534720741 0.0
0.31311343 1.0
0.313229170741 0.0
0.31380787 1.0
0.313923610741 0.0
0.31450231 1.0
0.314618050741 0.0
0.31519676 1.0
0.315312500741 0.0
0.3158912 1.0
0.316006940741 0.0
0.31658565 1.0
0.316701390741 0.0
0.31728009 1.0
0.317395830741 0.0
0.31797454 1.0
0.318090280741 0.0
0.31866898 1.0
0.318784720741 0.0
0.31936343 1.0
0.319479170741 0.0
0.32012731 1.0
0.320243050741 0.0
0.32082176 1.0
0.320937500741 0.0
0.3215162 1.0
0.321631940741 0.0
0.32221065 1.0
0.322326390741 0.0
0.32290509 1.0
0.323020830741 0.0
0.32359954 1.0
0.323715280741 0.0
0.32429398 1.0
0.324409720741 0.0
0.32498843 1.0
0.325104170741 0.0
0.32568287 1.0
0.325798610741 0.0
0.32637731 1.0
0.326493050741 0.0
0.32707176 1.0
0.327187500741 0.0
0.3277662 1.0
0.327881940741 0.0
0.32846065 1.0
0.328576390741 0.0
0.32915509 1.0
0.329270830741 0.0
0.32984954 1.0
0.329965280741 0.0
0.33061343 1.0
0.330729170741 0.0
0.33130787 1.0
0.331423610741 0.0
0.33200231 1.0
0.332118050741 0.0
0.33269676 1.0
0.332812500741 0.0
0.3333912 1.0
0.333506940741 0.0
0.33408565 1.0
0.334201390741 0.0
0.33478009 1.0
0.334895830741 0.0
0.33547454 1.0
0.335590280741 0.0
0.33616898 1.0
0.336284720741 0.0
0.33686343 1.0
0.336979170741 0.0
0.33755787 1.0
0.337673610741 0.0
0.33825231 1.0
0.338368050741 0.0
0.3390162 1.0
0.339131940741 0.0
0.3396412 1.0
0.339756940741 0.0
0.34040509 1.0
0.340520830741 0.0
0.34109954 1.0
0.341215280741 0.0
0.34179398 1.0
0.341909720741 0.0
0.34248843 1.0
0.342604170741 0.0
0.34318287 1.0
0.343298610741 0.0
0.34387731 1.0
0.343993050741 0.0
0.34457176 1.0
0.344687500741 0.0
0.3452662 1.0
0.345381940741 0.0
0.34596065 1.0
0.346076390741 0.0
0.34665509 1.0
0.346770830741 0.0
0.34734954 1.0
0.347465280741 0.0
0.34804398 1.0
0.348159720741 0.0
0.34873843 1.0
0.348854170741 0.0
0.34943287 1.0
0.349548610741 0.0
0.35012731 1.0
0.350243050741 0.0
0.35082176 1.0
0.350937500741 0.0
0.35158565 1.0
0.351701390741 0.0
0.35228009 1.0
0.352395830741 0.0
0.35297454 1.0
0.353090280741 0.0
0.35366898 1.0
0.353784720741 0.0
0.35436343 1.0
0.354479170741 0.0
0.35505787 1.0
0.355173610741 0.0
0.35575231 1.0
0.355868050741 0.0
0.35644676 1.0
0.356562500741 0.0
0.3571412 1.0
0.357256940741 0.0
0.35783565 1.0
0.357951390741 0.0
0.35853009 1.0
0.358645830741 0.0
0.35922454 1.0
0.359340280741 0.0
0.35991898 1.0
0.360034720741 0.0
0.36061343 1.0
0.360729170741 0.0
0.36130787 1.0
0.361423610741 0.0
0.36200231 1.0
0.362118050741 0.0
0.3627662 1.0
0.362881940741 0.0
0.36346065 1.0
0.363576390741 0.0
0.36415509 1.0
0.364270830741 0.0
0.36484954 1.0
0.364965280741 0.0
0.36554398 1.0
0.365659720741 0.0
0.36623843 1.0
0.366354170741 0.0
0.36693287 1.0
0.367048610741 0.0
0.36762731 1.0
0.367743050741 0.0
0.36832176 1.0
0.368437500741 0.0
0.3690162 1.0
0.369131940741 0.0
0.36971065 1.0
0.369826390741 0.0
0.37040509 1.0
0.370520830741 0.0
0.37109954 1.0
0.371215280741 0.0
0.37179398 1.0
0.371909720741 0.0
0.37248843 1.0
0.372604170741 0.0
0.37318287 1.0
0.373298610741 0.0
0.37394676 1.0
0.374062500741 0.0
0.3746412 1.0
0.374756940741 0.0
0.37533565 1.0
0.375451390741 0.0
0.37603009 1.0
0.376145830741 0.0
0.37672454 1.0
0.376840280741 0.0
0.37741898 1.0
0.377534720741 0.0
0.37811343 1.0
0.378229170741 0.0
0.37880787 1.0
0.378923610741 0.0
0.37950231 1.0
0.379618050741 0.0
0.38019676 1.0
0.380312500741 0.0
0.3808912 1.0
0.381006940741 0.0
0.38158565 1.0
0.381701390741 0.0
0.38228009 1.0
0.382395830741 0.0
0.38297454 1.0
0.383090280741 0.0
0.38373843 1.0
0.383854170741 0.0
0.38443287 1.0
0.384548610741 0.0
0.38512731 1.0
0.385243050741 0.0
0.38582176 1.0
0.385937500741 0.0
0.3865162 1.0
0.386631940741 0.0
0.38721065 1.0
0.387326390741 0.0
0.38790509 1.0
0.388020830741 0.0
0.38859954 1.0
0.388715280741 0.0
0.38929398 1.0
0.389409720741 0.0
0.38998843 1.0
0.390104170741 0.0
0.39068287 1.0
0.390798610741 0.0
0.39137731 1.0
0.391493050741 0.0
0.39207176 1.0
0.392187500741 0.0
0.3927662 1.0
0.392881940741 0.0
0.39346065 1.0
0.393576390741 0.0
0.39422454 1.0
0.394340280741 0.0
0.39491898 1.0
0.395034720741 0.0
0.39561343 1.0
0.395729170741 0.0
0.39630787 1.0
0.396423610741 0.0
0.39700231 1.0
0.397118050741 0.0
0.39769676 1.0
0.397812500741 0.0
0.3983912 1.0
0.398506940741 0.0
0.39908565 1.0
0.399201390741 0.0
0.39978009 1.0
0.399895830741 0.0
0.40047454 1.0
0.400590280741 0.0
0.40116898 1.0
0.401284720741 0.0
0.40186343 1.0
0.401979170741 0.0
0.40262731 1.0
0.402743050741 0.0
0.40325231 1.0
0.403368050741 0.0
0.4040162 1.0
0.404131940741 0.0
0.40471065 1.0
0.404826390741 0.0
0.40540509 1.0
0.405520830741 0.0
0.40609954 1.0
0.406215280741 0.0
0.40679398 1.0
0.406909720741 0.0
0.40748843 1.0
0.407604170741 0.0
0.40818287 1.0
0.408298610741 0.0
0.40887731 1.0
0.408993050741 0.0
0.40957176 1.0
0.409687500741 0.0
0.4102662 1.0
0.410381940741 0.0
0.41096065 1.0
0.411076390741 0.0
0.41165509 1.0
0.411770830741 0.0
0.41234954 1.0
0.412465280741 0.0
0.41304398 1.0
0.413159720741 0.0
0.41373843 1.0
0.413854170741 0.0
0.41443287 1.0
0.414548610741 0.0
0.41512731 1.0
0.415243050741 0.0
0.41582176 1.0
0.415937500741 0.0
0.41658565 1.0
0.416701390741 0.0
0.41728009 1.0
0.417395830741 0.0
0.41797454 1.0
0.418090280741 0.0
0.41866898 1.0
0.418784720741 0.0
0.41936343 1.0
0.419479170741 0.0
0.42005787 1.0
0.420173610741 0.0
0.42075231 1.0
0.420868050741 0.0
0.42144676 1.0
0.421562500741 0.0
0.4221412 1.0
0.422256940741 0.0
0.42283565 1.0
0.422951390741 0.0
0.42353009 1.0
0.423645830741 0.0
0.42422454 1.0
0.424340280741 0.0
0.42491898 1.0
0.425034720741 0.0
0.42561343 1.0
0.425729170741 0.0
0.42630787 1.0
0.426423610741 0.0
0.42707176 1.0
0.427187500741 0.0
0.4277662 1.0
0.427881940741 0.0
0.42846065 1.0
0.428576390741 0.0
0.42915509 1.0
0.429270830741 0.0
0.42984954 1.0
0.429965280741 0.0
0.43054398 1.0
0.430659720741 0.0
0.43123843 1.0
0.431354170741 0.0
0.43193287 1.0
0.432048610741 0.0
0.43262731 1.0
0.432743050741 0.0
0.43332176 1.0
0.433437500741 0.0
0.4340162 1.0
0.434131940741 0.0
0.43478009 1.0
0.434895830741 0.0
0.43547454 1.0
0.435590280741 0.0
0.43616898 1.0
0.436284720741 0.0
0.43686343 1.0
0.436979170741 0.0
0.43755787 1.0
0.437673610741 0.0
0.43825231 1.0
0.438368050741 0.0
0.43894676 1.0
0.439062500741 0.0
0.4396412 1.0
0.439756940741 0.0
0.44033565 1.0
0.440451390741 0.0
0.44103009 1.0
0.441145830741 0.0
0.44172454 1.0
0.441840280741 0.0
0.44241898 1.0
0.442534720741 0.0
0.44311343 1.0
0.443229170741 0.0
0.44380787 1.0
0.443923610741 0.0
0.44457176 1.0
0.444687500741 0.0
0.4452662 1.0
0.445381940741 0.0
0.44596065 1.0
0.446076390741 0.0
0.44665509 1.0
0.446770830741 0.0
0.44734954 1.0
0.447465280741 0.0
0.44804398 1.0
0.448159720741 0.0
0.44873843 1.0
0.448854170741 0.0
0.44943287 1.0
0.449548610741 0.0
0.45012731 1.0
0.450243050741 0.0
0.45082176 1.0
0.450937500741 0.0
0.4515162 1.0
0.451631940741 0.0
0.45221065 1.0
0.452326390741 0.0
0.45290509 1.0
0.453020830741 0.0
0.45359954 1.0
0.453715280741 0.0
0.45436343 1.0
0.454479170741 0.0
0.45505787 1.0
0.455173610741 0.0
0.45575231 1.0
0.455868050741 0.0
0.45644676 1.0
0.456562500741 0.0
0.4571412 1.0
0.457256940741 0.0
0.45783565 1.0
0.457951390741 0.0
0.45853009 1.0
0.458645830741 0.0
0.45922454 1.0
0.459340280741 0.0
0.45991898 1.0
0.460034720741 0.0
0.46068287 1.0
0.460798610741 0.0
0.46130787 1.0
0.461423610741 0.0
0.46200231 1.0
0.462118050741 0.0
0.4627662 1.0
0.462881940741 0.0
0.46346065 1.0
0.463576390741 0.0
0.46415509 1.0
0.464270830741 0.0
0.46484954 1.0
0.464965280741 0.0
0.46554398 1.0
0.465659720741 0.0
0.46623843 1.0
0.466354170741 0.0
0.46693287 1.0
0.467048610741 0.0
0.46762731 1.0
0.467743050741 0.0
0.46832176 1.0
0.468437500741 0.0
0.4690162 1.0
0.469131940741 0.0
0.46971065 1.0
0.469826390741 0.0
0.47040509 1.0
0.470520830741 0.0
0.47109954 1.0
0.471215280741 0.0
0.47179398 1.0
0.471909720741 0.0
0.47248843 1.0
0.472604170741 0.0
0.47318287 1.0
0.473298610741 0.0
0.47387731 1.0
0.473993050741 0.0
0.47457176 1.0
0.474687500741 0.0
0.4752662 1.0
0.475381940741 0.0
0.47596065 1.0
0.476076390741 0.0
0.47665509 1.0
0.476770830741 0.0
0.47734954 1.0
0.477465280741 0.0
0.47811343 1.0
0.478229170741 0.0
0.47880787 1.0
0.478923610741 0.0
0.47950231 1.0
0.479618050741 0.0
0.48019676 1.0
0.480312500741 0.0
0.4808912 1.0
0.481006940741 0.0
0.48158565 1.0
0.481701390741 0.0
0.48228009 1.0
0.482395830741 0.0
0.48297454 1.0
0.483090280741 0.0
0.48366898 1.0
0.483784720741 0.0
0.48436343 1.0
0.484479170741 0.0
0.48505787 1.0
0.485173610741 0.0
0.48575231 1.0
0.485868050741 0.0
0.48644676 1.0
0.486562500741 0.0
0.4871412 1.0
0.487256940741 0.0
0.48783565 1.0
0.487951390741 0.0
0.48853009 1.0
0.488645830741 0.0
0.48922454 1.0
0.489340280741 0.0
0.48998843 1.0
0.490104170741 0.0
0.49068287 1.0
0.490798610741 0.0
0.49137731 1.0
0.491493050741 0.0
0.49207176 1.0
0.492187500741 0.0
0.4927662 1.0
0.492881940741 0.0
0.49346065 1.0
0.493576390741 0.0
0.49415509 1.0
0.494270830741 0.0
0.49484954 1.0
0.494965280741 0.0
0.49554398 1.0
0.495659720741 0.0
0.49623843 1.0
0.496354170741 0.0
0.49693287 1.0
0.497048610741 0.0
0.49762731 1.0
0.497743050741 0.0
0.49832176 1.0
0.498437500741 0.0
0.4990162 1.0
0.499131940741 0.0
0.49978009 1.0
0.499895830741 0.0
0.50047454 1.0
0.500590280741 0.0
0.50109954 1.0
0.501215280741 0.0
0.50186343 1.0
0.501979170741 0.0
0.50255787 1.0
0.502673610741 0.0
0.50325231 1.0
0.503368050741 0.0
0.50394676 1.0
0.504062500741 0.0
0.5046412 1.0
0.504756940741 0.0
0.50533565 1.0
0.505451390741 0.0
0.50603009 1.0
0.506145830741 0.0
0.50672454 1.0
0.506840280741 0.0
0.50741898 1.0
0.507534720741 0.0
0.50811343 1.0
0.508229170741 0.0
0.50880787 1.0
0.508923610741 0.0
0.50950231 1.0
0.509618050741 0.0
0.51019676 1.0
0.510312500741 0.0
0.51096065 1.0
0.511076390741 0.0
0.51165509 1.0
0.511770830741 0.0
0.51234954 1.0
0.512465280741 0.0
0.51304398 1.0
0.513159720741 0.0
0.51373843 1.0
0.513854170741 0.0
0.51443287 1.0
0.514548610741 0.0
0.51512731 1.0
0.515243050741 0.0
0.51582176 1.0
0.515937500741 0.0
0.5165162 1.0
0.516631940741 0.0
0.51721065 1.0
0.517326390741 0.0
0.51790509 1.0
0.518020830741 0.0
0.51859954 1.0
0.518715280741 0.0
0.51936343 1.0
0.519479170741 0.0
0.52005787 1.0
0.520173610741 0.0
0.52075231 1.0
0.520868050741 0.0
0.52144676 1.0
0.521562500741 0.0
0.5221412 1.0
0.522256940741 0.0
0.52283565 1.0
0.522951390741 0.0
0.52353009 1.0
0.523645830741 0.0
0.52422454 1.0
0.524340280741 0.0
0.52491898 1.0
0.525034720741 0.0
0.52561343 1.0
0.525729170741 0.0
0.52630787 1.0
0.526423610741 0.0
0.52700231 1.0
0.527118050741 0.0
0.52769676 1.0
0.527812500741 0.0
0.5283912 1.0
0.528506940741 0.0
0.52908565 1.0
0.529201390741 0.0
0.52978009 1.0
0.529895830741 0.0
0.53047454 1.0
0.530590280741 0.0
0.53116898 1.0
0.531284720741 0.0
0.53186343 1.0
0.531979170741 0.0
0.53262731 1.0
0.532743050741 0.0
0.53332176 1.0
0.533437500741 0.0
0.5340162 1.0
0.534131940741 0.0
0.53471065 1.0
0.534826390741 0.0
0.53540509 1.0
0.535520830741 0.0
0.53609954 1.0
0.536215280741 0.0
0.53679398 1.0
0.536909720741 0.0
0.53748843 1.0
0.537604170741 0.0
0.53818287 1.0
0.538298610741 0.0
0.53887731 1.0
0.538993050741 0.0
0.53957176 1.0
0.539687500741 0.0
0.5402662 1.0
0.540381940741 0.0
0.54096065 1.0
0.541076390741 0.0
0.54165509 1.0
0.541770830741 0.0
0.54234954 1.0
0.542465280741 0.0
0.54304398 1.0
0.543159720741 0.0
0.54380787 1.0
0.543923610741 0.0
0.54450231 1.0
0.544618050741 0.0
0.54519676 1.0
0.545312500741 0.0
0.5458912 1.0
0.546006940741 0.0
0.54658565 1.0
0.546701390741 0.0
0.54728009 1.0
0.547395830741 0.0
0.54797454 1.0
0.548090280741 0.0
0.54866898 1.0
0.548784720741 0.0
0.54936343 1.0
0.549479170741 0.0
0.55005787 1.0
0.550173610741 0.0
0.55075231 1.0
0.550868050741 0.0
0.55144676 1.0
0.551562500741 0.0
0.5521412 1.0
0.552256940741 0.0
0.55283565 1.0
0.552951390741 0.0
0.55353009 1.0
0.553645830741 0.0
0.55429398 1.0
0.554409720741 0.0
0.55498843 1.0
0.555104170741 0.0
0.55568287 1.0
0.555798610741 0.0
0.55637731 1.0
0.556493050741 0.0
0.55707176 1.0
0.557187500741 0.0
0.5577662 1.0
0.557881940741 0.0
0.55846065 1.0
0.558576390741 0.0
0.55915509 1.0
0.559270830741 0.0
0.55984954 1.0
0.559965280741 0.0
0.56054398 1.0
0.560659720741 0.0
0.56123843 1.0
0.561354170741 0.0
0.56193287 1.0
0.562048610741 0.0
0.56262731 1.0
0.562743050741 0.0
0.56332176 1.0
0.563437500741 0.0
0.5640162 1.0
0.564131940741 0.0
0.56471065 1.0
0.564826390741 0.0
0.56547454 1.0
0.565590280741 0.0
0.56616898 1.0
0.566284720741 0.0
0.56686343 1.0
0.566979170741 0.0
0.56755787 1.0
0.567673610741 0.0
0.56825231 1.0
0.568368050741 0.0
0.56894676 1.0
0.569062500741 0.0
0.5696412 1.0
0.569756940741 0.0
0.57033565 1.0
0.570451390741 0.0
0.57103009 1.0
0.571145830741 0.0
0.57172454 1.0
0.571840280741 0.0
0.57241898 1.0
0.572534720741 0.0
0.57318287 1.0
0.573298610741 0.0
0.57387731 1.0
0.573993050741 0.0
0.57457176 1.0
0.574687500741 0.0
0.5752662 1.0
0.575381940741 0.0
0.57596065 1.0
0.576076390741 0.0
0.57665509 1.0
0.576770830741 0.0
0.57734954 1.0
0.577465280741 0.0
0.57804398 1.0
0.578159720741 0.0
0.57873843 1.0
0.578854170741 0.0
0.57943287 1.0
0.579548610741 0.0
0.58012731 1.0
0.580243050741 0.0
0.58082176 1.0
0.580937500741 0.0
0.5815162 1.0
0.581631940741 0.0
0.58221065 1.0
0.582326390741 0.0
0.58297454 1.0
0.583090280741 0.0
0.58359954 1.0
0.583715280741 0.0
0.58436343 1.0
0.584479170741 0.0
0.58505787 1.0
0.585173610741 0.0
0.58568287 1.0
0.585798610741 0.0
0.58644676 1.0
0.586562500741 0.0
0.5871412 1.0
0.587256940741 0.0
0.5877662 1.0
0.587881940741 0.0
0.58853009 1.0
0.588645830741 0.0
0.58915509 1.0
0.589270830741 0.0
0.58991898 1.0
0.590034720741 0.0
0.59061343 1.0
0.590729170741 0.0
0.59130787 1.0
0.591423610741 0.0
0.59200231 1.0
0.592118050741 0.0
0.59269676 1.0
0.592812500741 0.0
0.5933912 1.0
0.593506940741 0.0
0.59408565 1.0
0.594201390741 0.0
0.59478009 1.0
0.594895830741 0.0
0.59547454 1.0
0.595590280741 0.0
0.59616898 1.0
0.596284720741 0.0
0.59686343 1.0
0.596979170741 0.0
0.59755787 1.0
0.597673610741 0.0
0.59825231 1.0
0.598368050741 0.0
0.59894676 1.0
0.599062500741 0.0
0.5996412 1.0
0.599756940741 0.0
0.60033565 1.0
0.600451390741 0.0
0.60103009 1.0
0.601145830741 0.0
0.60179398 1.0
0.601909720741 0.0
0.60248843 1.0
0.602604170741 0.0
0.60318287 1.0
0.603298610741 0.0
0.60387731 1.0
0.603993050741 0.0
0.60457176 1.0
0.604687500741 0.0
0.6052662 1.0
0.605381940741 0.0
0.60596065 1.0
0.606076390741 0.0
0.60665509 1.0
0.606770830741 0.0
0.60734954 1.0
0.607465280741 0.0
0.60804398 1.0
0.608159720741 0.0
0.60873843 1.0
0.608854170741 0.0
0.60943287 1.0
0.609548610741 0.0
0.61019676 1.0
0.610312500741 0.0
0.6108912 1.0
0.611006940741 0.0
0.61158565 1.0
0.611701390741 0.0
0.61228009 1.0
0.612395830741 0.0
0.61297454 1.0
0.613090280741 0.0
0.61366898 1.0
0.613784720741 0.0
0.61436343 1.0
0.614479170741 0.0
0.61505787 1.0
0.615173610741 0.0
0.61575231 1.0
0.615868050741 0.0
0.61644676 1.0
0.616562500741 0.0
0.6171412 1.0
0.617256940741 0.0
0.61783565 1.0
0.617951390741 0.0
0.61853009 1.0
0.618645830741 0.0
0.61922454 1.0
0.619340280741 0.0
0.61991898 1.0
0.620034720741 0.0
0.62068287 1.0
0.620798610741 0.0
0.62137731 1.0
0.621493050741 0.0
0.62207176 1.0
0.622187500741 0.0
0.6227662 1.0
0.622881940741 0.0
0.62346065 1.0
0.623576390741 0.0
0.62415509 1.0
0.624270830741 0.0
0.62484954 1.0
0.624965280741 0.0
0.62554398 1.0
0.625659720741 0.0
0.62623843 1.0
0.626354170741 0.0
0.62693287 1.0
0.627048610741 0.0
0.62762731 1.0
0.627743050741 0.0
0.6283912 1.0
0.628506940741 0.0
0.62908565 1.0
0.629201390741 0.0
0.62978009 1.0
0.629895830741 0.0
0.63047454 1.0
0.630590280741 0.0
0.63116898 1.0
0.631284720741 0.0
0.63186343 1.0
0.631979170741 0.0
0.63255787 1.0
0.632673610741 0.0
0.63325231 1.0
0.633368050741 0.0
0.63394676 1.0
0.634062500741 0.0
0.6346412 1.0
0.634756940741 0.0
0.63540509 1.0
0.635520830741 0.0
0.63609954 1.0
0.636215280741 0.0
0.63679398 1.0
0.636909720741 0.0
0.63748843 1.0
0.637604170741 0.0
0.63818287 1.0
0.638298610741 0.0
0.63887731 1.0
0.638993050741 0.0
0.63957176 1.0
0.639687500741 0.0
0.6402662 1.0
0.640381940741 0.0
0.64096065 1.0
0.641076390741 0.0
0.64165509 1.0
0.641770830741 0.0
0.64234954 1.0
0.642465280741 0.0
0.64304398 1.0
0.643159720741 0.0
0.64373843 1.0
0.643854170741 0.0
0.64443287 1.0
0.644548610741 0.0
0.64512731 1.0
0.645243050741 0.0
0.64582176 1.0
0.645937500741 0.0
0.6465162 1.0
0.646631940741 0.0
0.64721065 1.0
0.647326390741 0.0
0.64790509 1.0
0.648020830741 0.0
0.64859954 1.0
0.648715280741 0.0
0.64929398 1.0
0.649409720741 0.0
0.64998843 1.0
0.650104170741 0.0
0.65068287 1.0
0.650798610741 0.0
0.65144676 1.0
0.651562500741 0.0
0.6521412 1.0
0.652256940741 0.0
0.65283565 1.0
0.652951390741 0.0
0.65353009 1.0
0.653645830741 0.0
0.65422454 1.0
0.654340280741 0.0
0.65491898 1.0
0.655034720741 0.0
0.65561343 1.0
0.655729170741 0.0
0.65630787 1.0
0.656423610741 0.0
0.65700231 1.0
0.657118050741 0.0
0.65769676 1.0
0.657812500741 0.0
0.6583912 1.0
0.658506940741 0.0
0.65908565 1.0
0.659201390741 0.0
0.65978009 1.0
0.659895830741 0.0
0.66047454 1.0
0.660590280741 0.0
0.66123843 1.0
0.661354170741 0.0
0.66193287 1.0
0.662048610741 0.0
0.66262731 1.0
0.662743050741 0.0
0.66332176 1.0
0.663437500741 0.0
0.6640162 1.0
0.664131940741 0.0
0.66471065 1.0
0.664826390741 0.0
0.66540509 1.0
0.665520830741 0.0
0.66609954 1.0
0.666215280741 0.0
0.66679398 1.0
0.666909720741 0.0
0.66748843 1.0
0.667604170741 0.0
0.66818287 1.0
0.668298610741 0.0
0.66887731 1.0
0.668993050741 0.0
0.66957176 1.0
0.669687500741 0.0
0.6702662 1.0
0.670381940741 0.0
0.67103009 1.0
0.671145830741 0.0
0.67172454 1.0
0.671840280741 0.0
0.67241898 1.0
0.672534720741 0.0
0.67311343 1.0
0.673229170741 0.0
0.67380787 1.0
0.673923610741 0.0
0.67450231 1.0
0.674618050741 0.0
0.67519676 1.0
0.675312500741 0.0
0.6758912 1.0
0.676006940741 0.0
0.67658565 1.0
0.676701390741 0.0
0.67728009 1.0
0.677395830741 0.0
0.67797454 1.0
0.678090280741 0.0
0.67866898 1.0
0.678784720741 0.0
0.67936343 1.0
0.679479170741 0.0
0.68005787 1.0
0.680173610741 0.0
0.68075231 1.0
0.680868050741 0.0
0.68144676 1.0
0.681562500741 0.0
0.68221065 1.0
0.682326390741 0.0
0.68290509 1.0
0.683020830741 0.0
0.68359954 1.0
0.683715280741 0.0
0.68429398 1.0
0.684409720741 0.0
0.68498843 1.0
0.685104170741 0.0
0.68568287 1.0
0.685798610741 0.0
0.68644676 1.0
0.686562500741 0.0
0.6871412 1.0
0.687256940741 0.0
0.68783565 1.0
0.687951390741 0.0
0.68853009 1.0
0.688645830741 0.0
0.68922454 1.0
0.689340280741 0.0
0.68991898 1.0
0.690034720741 0.0
0.69061343 1.0
0.690729170741 0.0
0.69130787 1.0
0.691423610741 0.0
0.69200231 1.0
0.692118050741 0.0
0.69269676 1.0
0.692812500741 0.0
0.6933912 1.0
0.693506940741 0.0
0.69408565 1.0
0.694201390741 0.0
0.69478009 1.0
0.694895830741 0.0
0.69547454 1.0
0.695590280741 0.0
0.69616898 1.0
0.696284720741 0.0
0.69686343 1.0
0.696979170741 0.0
0.69755787 1.0
0.697673610741 0.0
0.69825231 1.0
0.698368050741 0.0
0.69894676 1.0
0.699062500741 0.0
0.6996412 1.0
0.699756940741 0.0
0.70033565 1.0
0.700451390741 0.0
0.70103009 1.0
0.701145830741 0.0
0.70172454 1.0
0.701840280741 0.0
0.70241898 1.0
0.702534720741 0.0
0.70311343 1.0
0.703229170741 0.0
0.70318287 1.0
0.703298610741 0.0
0.70387731 1.0
0.703993050741 0.0
0.70457176 1.0
0.704687500741 0.0
0.7052662 1.0
0.705381940741 0.0
0.70596065 1.0
0.706076390741 0.0
0.70665509 1.0
0.706770830741 0.0
0.70734954 1.0
0.707465280741 0.0
0.70811343 1.0
0.708229170741 0.0
0.70880787 1.0
0.708923610741 0.0
0.70950231 1.0
0.709618050741 0.0
0.71019676 1.0
0.710312500741 0.0
0.7108912 1.0
0.711006940741 0.0
0.71158565 1.0
0.711701390741 0.0
0.71200231 1.0
0.712118050741 0.0
0.7121412 1.0
0.712256940741 0.0
0.71228009 1.0
0.712395830741 0.0
0.71297454 1.0
0.713090280741 0.0
0.71366898 1.0
0.713784720741 0.0
0.71436343 1.0
0.714479170741 0.0
0.71505787 1.0
0.715173610741 0.0
0.71575231 1.0
0.715868050741 0.0
0.71644676 1.0
0.716562500741 0.0
0.7171412 1.0
0.717256940741 0.0
0.71790509 1.0
0.718020830741 0.0
0.71853009 1.0
0.718645830741 0.0
0.71929398 1.0
0.719409720741 0.0
0.71998843 1.0
0.720104170741 0.0
0.72068287 1.0
0.720798610741 0.0
0.72137731 1.0
0.721493050741 0.0
0.72207176 1.0
0.722187500741 0.0
0.7227662 1.0
0.722881940741 0.0
0.72346065 1.0
0.723576390741 0.0
0.72415509 1.0
0.724270830741 0.0
0.72484954 1.0
0.724965280741 0.0
0.72554398 1.0
0.725659720741 0.0
0.72623843 1.0
0.726354170741 0.0
0.72693287 1.0
0.727048610741 0.0
0.72769676 1.0
0.727812500741 0.0
0.7283912 1.0
0.728506940741 0.0
0.72908565 1.0
0.729201390741 0.0
0.72978009 1.0
0.729895830741 0.0
0.73047454 1.0
0.730590280741 0.0
0.73116898 1.0
0.731284720741 0.0
0.73186343 1.0
0.731979170741 0.0
0.73255787 1.0
0.732673610741 0.0
0.73325231 1.0
0.733368050741 0.0
0.73394676 1.0
0.734062500741 0.0
0.7346412 1.0
0.734756940741 0.0
0.73533565 1.0
0.735451390741 0.0
0.73603009 1.0
0.736145830741 0.0
0.7402662 1.0
0.740381940741 0.0
0.74311343 1.0
0.743229170741 0.0
0.74658565 1.0
0.746701390741 0.0
0.74797454 1.0
0.748090280741 0.0
0.7521412 1.0
0.752256940741 0.0
0.75422454 1.0
0.754340280741 0.0
0.75846065 1.0
0.758576390741 0.0
0.76054398 1.0
0.760659720741 0.0
0.76471065 1.0
0.764826390741 0.0
0.76825231 1.0
0.768368050741 0.0
0.77311343 1.0
0.773229170741 0.0
0.77804398 1.0
0.778159720741 0.0
0.78221065 1.0
0.782326390741 0.0
0.78644676 1.0
0.786562500741 0.0
0.79137731 1.0
0.791493050741 0.0
0.79415509 1.0
0.794270830741 0.0
0.79693287 1.0
0.797048610741 0.0
0.80248843 1.0
0.802604170741 0.0
0.80741898 1.0
0.807534720741 0.0
0.81228009 1.0
0.812395830741 0.0
0.81721065 1.0
0.817326390741 0.0
0.82207176 1.0
0.822187500741 0.0
0.82700231 1.0
0.827118050741 0.0
0.83116898 1.0
0.831284720741 0.0
1.35255787 1.0
1.35267361074 0.0
1.35325231 1.0
1.35336805074 0.0
1.35394676 1.0
1.35406250074 0.0
1.3546412 1.0
1.35475694074 0.0
1.35533565 1.0
1.35545139074 0.0
1.35603009 1.0
1.35614583074 0.0
1.35672454 1.0
1.35684028074 0.0
1.35741898 1.0
1.35753472074 0.0
1.35811343 1.0
1.35822917074 0.0
1.35880787 1.0
1.35892361074 0.0
1.35950231 1.0
1.35961805074 0.0
1.3602662 1.0
1.36038194074 0.0
1.36096065 1.0
1.36107639074 0.0
1.36165509 1.0
1.36177083074 0.0
1.36234954 1.0
1.36246528074 0.0
1.36304398 1.0
1.36315972074 0.0
1.36373843 1.0
1.36385417074 0.0
1.36443287 1.0
1.36454861074 0.0
1.36512731 1.0
1.36524305074 0.0
1.36582176 1.0
1.36593750074 0.0
1.36658565 1.0
1.36670139074 0.0
1.36728009 1.0
1.36739583074 0.0
1.36797454 1.0
1.36809028074 0.0
1.36866898 1.0
1.36878472074 0.0
1.36936343 1.0
1.36947917074 0.0
1.37005787 1.0
1.37017361074 0.0
1.37075231 1.0
1.37086805074 0.0
1.37144676 1.0
1.37156250074 0.0
1.3721412 1.0
1.37225694074 0.0
1.37283565 1.0
1.37295139074 0.0
1.37353009 1.0
1.37364583074 0.0
1.37422454 1.0
1.37434028074 0.0
1.37491898 1.0
1.37503472074 0.0
1.37561343 1.0
1.37572917074 0.0
1.37630787 1.0
1.37642361074 0.0
1.37700231 1.0
1.37711805074 0.0
1.37769676 1.0
1.37781250074 0.0
1.3783912 1.0
1.37850694074 0.0
1.37908565 1.0
1.37920139074 0.0
1.37978009 1.0
1.37989583074 0.0
1.38047454 1.0
1.38059028074 0.0
1.38116898 1.0
1.38128472074 0.0
1.38193287 1.0
1.38204861074 0.0
1.38262731 1.0
1.38274305074 0.0
1.38332176 1.0
1.38343750074 0.0
1.3840162 1.0
1.38413194074 0.0
1.38471065 1.0
1.38482639074 0.0
1.38540509 1.0
1.38552083074 0.0
1.38609954 1.0
1.38621528074 0.0
1.38679398 1.0
1.38690972074 0.0
1.38748843 1.0
1.38760417074 0.0
1.38818287 1.0
1.38829861074 0.0
1.38887731 1.0
1.38899305074 0.0
1.38957176 1.0
1.38968750074 0.0
1.3902662 1.0
1.39038194074 0.0
1.39096065 1.0
1.39107639074 0.0
1.39172454 1.0
1.39184028074 0.0
1.39241898 1.0
1.39253472074 0.0
1.39311343 1.0
1.39322917074 0.0
1.39380787 1.0
1.39392361074 0.0
1.39450231 1.0
1.39461805074 0.0
1.39519676 1.0
1.39531250074 0.0
1.3958912 1.0
1.39600694074 0.0
1.39658565 1.0
1.39670139074 0.0
1.39728009 1.0
1.39739583074 0.0
1.39797454 1.0
1.39809028074 0.0
1.39866898 1.0
1.39878472074 0.0
1.39936343 1.0
1.39947917074 0.0
1.40005787 1.0
1.40017361074 0.0
1.40075231 1.0
1.40086805074 0.0
1.4015162 1.0
1.40163194074 0.0
1.40221065 1.0
1.40232639074 0.0
1.40290509 1.0
1.40302083074 0.0
1.40359954 1.0
1.40371528074 0.0
1.40429398 1.0
1.40440972074 0.0
1.40498843 1.0
1.40510417074 0.0
1.40568287 1.0
1.40579861074 0.0
1.40637731 1.0
1.40649305074 0.0
1.40707176 1.0
1.40718750074 0.0
1.4077662 1.0
1.40788194074 0.0
1.40846065 1.0
1.40857639074 0.0
1.40915509 1.0
1.40927083074 0.0
1.40984954 1.0
1.40996528074 0.0
1.41061343 1.0
1.41072917074 0.0
1.41130787 1.0
1.41142361074 0.0
1.41200231 1.0
1.41211805074 0.0
1.41269676 1.0
1.41281250074 0.0
1.4133912 1.0
1.41350694074 0.0
1.41408565 1.0
1.41420139074 0.0
1.41478009 1.0
1.41489583074 0.0
1.41547454 1.0
1.41559028074 0.0
1.41616898 1.0
1.41628472074 0.0
1.41693287 1.0
1.41704861074 0.0
1.41755787 1.0
1.41767361074 0.0
1.41832176 1.0
1.41843750074 0.0
1.4190162 1.0
1.41913194074 0.0
1.41971065 1.0
1.41982639074 0.0
1.42040509 1.0
1.42052083074 0.0
1.42109954 1.0
1.42121528074 0.0
1.42179398 1.0
1.42190972074 0.0
1.42248843 1.0
1.42260417074 0.0
1.42318287 1.0
1.42329861074 0.0
1.42387731 1.0
1.42399305074 0.0
1.42457176 1.0
1.42468750074 0.0
1.4252662 1.0
1.42538194074 0.0
1.42596065 1.0
1.42607639074 0.0
1.42665509 1.0
1.42677083074 0.0
1.42734954 1.0
1.42746528074 0.0
1.42804398 1.0
1.42815972074 0.0
1.4283912 1.0
1.42850694074 0.0
1.42846065 1.0
1.42857639074 0.0
1.42859954 1.0
1.42871528074 0.0
1.42866898 1.0
1.42878472074 0.0
1.42873843 1.0
1.42885417074 0.0
1.42943287 1.0
1.42954861074 0.0
1.42957176 1.0
1.42968750074 0.0
1.42978009 1.0
1.42989583074 0.0
1.42991898 1.0
1.43003472074 0.0
1.42998843 1.0
1.43010417074 0.0
1.43012731 1.0
1.43024305074 0.0
1.43082176 1.0
1.43093750074 0.0
1.4315162 1.0
1.43163194074 0.0
1.43221065 1.0
1.43232639074 0.0
1.45672454 1.0
1.45684028074 0.0
1.4608912 1.0
1.46100694074 0.0
1.46859954 1.0
1.46871528074 0.0
1.47630787 1.0
1.47642361074 0.0
1.48186343 1.0
1.48197917074 0.0
1.49096065 1.0
1.49107639074 0.0
1.49859954 1.0
1.49871528074 0.0
1.50700231 1.0
1.50711805074 0.0
1.51609954 1.0
1.51621528074 0.0
1.52450231 1.0
1.52461805074 0.0
1.53290509 1.0
1.53302083074 0.0
1.5377662 1.0
1.53788194074 0.0
1.54616898 1.0
1.54628472074 0.0
1.54825231 1.0
1.54836805074 0.0
1.55103009 1.0
1.55114583074 0.0
1.55311343 1.0
1.55322917074 0.0
1.55596065 1.0
1.55607639074 0.0
1.55873843 1.0
1.55885417074 0.0
1.56082176 1.0
1.56093750074 0.0
1.56359954 1.0
1.56371528074 0.0
1.56568287 1.0
1.56579861074 0.0
1.56853009 1.0
1.56864583074 0.0
1.57130787 1.0
1.57142361074 0.0
1.57408565 1.0
1.57420139074 0.0
1.57693287 1.0
1.57704861074 0.0
1.5790162 1.0
1.57913194074 0.0
1.58179398 1.0
1.58190972074 0.0
1.58387731 1.0
1.58399305074 0.0
1.58734954 1.0
1.58746528074 0.0
1.58950231 1.0
1.58961805074 0.0
1.59158565 1.0
1.59170139074 0.0
1.59366898 1.0
1.59378472074 0.0
1.59582176 1.0
1.59593750074 0.0
1.59859954 1.0
1.59871528074 0.0
1.60137731 1.0
1.60149305074 0.0
1.60415509 1.0
1.60427083074 0.0
1.60623843 1.0
1.60635417074 0.0
1.6090162 1.0
1.60913194074 0.0
1.61186343 1.0
1.61197917074 0.0
1.61394676 1.0
1.61406250074 0.0
1.61672454 1.0
1.61684028074 0.0
1.61950231 1.0
1.61961805074 0.0
1.62228009 1.0
1.62239583074 0.0
1.62443287 1.0
1.62454861074 0.0
1.6265162 1.0
1.62663194074 0.0
1.62859954 1.0
1.62871528074 0.0
1.62998843 1.0
1.63010417074 0.0
1.63207176 1.0
1.63218750074 0.0
1.63630787 1.0
1.63642361074 0.0
1.6383912 1.0
1.63850694074 0.0
1.64116898 1.0
1.64128472074 0.0
1.64394676 1.0
1.64406250074 0.0
1.64609954 1.0
1.64621528074 0.0
1.64818287 1.0
1.64829861074 0.0
1.6502662 1.0
1.65038194074 0.0
1.65241898 1.0
1.65253472074 0.0
1.65519676 1.0
1.65531250074 0.0
1.65728009 1.0
1.65739583074 0.0
1.66005787 1.0
1.66017361074 0.0
1.66283565 1.0
1.66295139074 0.0
1.66491898 1.0
1.66503472074 0.0
1.6677662 1.0
1.66788194074 0.0
1.67054398 1.0
1.67065972074 0.0
1.67332176 1.0
1.67343750074 0.0
1.67540509 1.0
1.67552083074 0.0
1.67825231 1.0
1.67836805074 0.0
1.68103009 1.0
1.68114583074 0.0
1.68380787 1.0
1.68392361074 0.0
1.6858912 1.0
1.68600694074 0.0
1.68873843 1.0
1.68885417074 0.0
1.6915162 1.0
1.69163194074 0.0
1.69429398 1.0
1.69440972074 0.0
1.69637731 1.0
1.69649305074 0.0
1.69915509 1.0
1.69927083074 0.0
1.70200231 1.0
1.70211805074 0.0
1.70408565 1.0
1.70420139074 0.0
1.70623843 1.0
1.70635417074 0.0
1.7090162 1.0
1.70913194074 0.0
1.70971065 1.0
1.70982639074 0.0
1.71179398 1.0
1.71190972074 0.0
1.71387731 1.0
1.71399305074 0.0
1.7152662 1.0
1.71538194074 0.0
1.71943287 1.0
1.71954861074 0.0
1.72228009 1.0
1.72239583074 0.0
1.72505787 1.0
1.72517361074 0.0
1.72783565 1.0
1.72795139074 0.0
1.72991898 1.0
1.73003472074 0.0
1.7327662 1.0
1.73288194074 0.0
1.73554398 1.0
1.73565972074 0.0
1.73832176 1.0
1.73843750074 0.0
1.74040509 1.0
1.74052083074 0.0
1.74325231 1.0
1.74336805074 0.0
1.74603009 1.0
1.74614583074 0.0
1.74811343 1.0
1.74822917074 0.0
1.7508912 1.0
1.75100694074 0.0
1.75373843 1.0
1.75385417074 0.0
1.75582176 1.0
1.75593750074 0.0
1.75859954 1.0
1.75871528074 0.0
1.76075231 1.0
1.76086805074 0.0
1.76283565 1.0
1.76295139074 0.0
1.76561343 1.0
1.76572917074 0.0
1.7683912 1.0
1.76850694074 0.0
1.77047454 1.0
1.77059028074 0.0
1.77325231 1.0
1.77336805074 0.0
1.77603009 1.0
1.77614583074 0.0
1.77880787 1.0
1.77892361074 0.0
1.78165509 1.0
1.78177083074 0.0
1.78443287 1.0
1.78454861074 0.0
1.78721065 1.0
1.78732639074 0.0
1.78998843 1.0
1.79010417074 0.0
1.7921412 1.0
1.79225694074 0.0
1.79422454 1.0
1.79434028074 0.0
1.79630787 1.0
1.79642361074 0.0
1.79769676 1.0
1.79781250074 0.0
1.80116898 1.0
1.80128472074 0.0
1.80471065 1.0
1.80482639074 0.0
1.80748843 1.0
1.80760417074 0.0
1.80957176 1.0
1.80968750074 0.0
1.81241898 1.0
1.81253472074 0.0
1.8158912 1.0
1.81600694074 0.0
1.81797454 1.0
1.81809028074 0.0
1.82075231 1.0
1.82086805074 0.0
1.82221065 1.0
1.82232639074 0.0
1.82429398 1.0
1.82440972074 0.0
1.82707176 1.0
1.82718750074 0.0
1.82984954 1.0
1.82996528074 0.0
1.83332176 1.0
1.83343750074 0.0
2.36311343 1.0
2.36322917074 0.0
2.36380787 1.0
2.36392361074 0.0
2.36450231 1.0
2.36461805074 0.0
2.36519676 1.0
2.36531250074 0.0
2.3658912 1.0
2.36600694074 0.0
2.36658565 1.0
2.36670139074 0.0
2.36797454 1.0
2.36809028074 0.0
2.36866898 1.0
2.36878472074 0.0
2.36936343 1.0
2.36947917074 0.0
2.37012731 1.0
2.37024305074 0.0
2.37082176 1.0
2.37093750074 0.0
2.3715162 1.0
2.37163194074 0.0
2.37221065 1.0
2.37232639074 0.0
2.37290509 1.0
2.37302083074 0.0
2.37359954 1.0
2.37371528074 0.0
2.37429398 1.0
2.37440972074 0.0
2.37498843 1.0
2.37510417074 0.0
2.37568287 1.0
2.37579861074 0.0
2.37637731 1.0
2.37649305074 0.0
2.37707176 1.0
2.37718750074 0.0
2.3777662 1.0
2.37788194074 0.0
2.37846065 1.0
2.37857639074 0.0
2.37915509 1.0
2.37927083074 0.0
2.37984954 1.0
2.37996528074 0.0
2.38054398 1.0
2.38065972074 0.0
2.38123843 1.0
2.38135417074 0.0
2.38200231 1.0
2.38211805074 0.0
2.38262731 1.0
2.38274305074 0.0
2.3833912 1.0
2.38350694074 0.0
2.38408565 1.0
2.38420139074 0.0
2.38478009 1.0
2.38489583074 0.0
2.38547454 1.0
2.38559028074 0.0
2.38616898 1.0
2.38628472074 0.0
2.38686343 1.0
2.38697917074 0.0
2.38755787 1.0
2.38767361074 0.0
2.38825231 1.0
2.38836805074 0.0
2.38894676 1.0
2.38906250074 0.0
2.3896412 1.0
2.38975694074 0.0
2.39033565 1.0
2.39045139074 0.0
2.39103009 1.0
2.39114583074 0.0
2.39179398 1.0
2.39190972074 0.0
2.39241898 1.0
2.39253472074 0.0
2.39318287 1.0
2.39329861074 0.0
2.39387731 1.0
2.39399305074 0.0
2.39457176 1.0
2.39468750074 0.0
2.3952662 1.0
2.39538194074 0.0
2.39596065 1.0
2.39607639074 0.0
2.39665509 1.0
2.39677083074 0.0
2.39734954 1.0
2.39746528074 0.0
2.39804398 1.0
2.39815972074 0.0
2.39880787 1.0
2.39892361074 0.0
2.39943287 1.0
2.39954861074 0.0
2.40019676 1.0
2.40031250074 0.0
2.40991898 1.0
2.41003472074 0.0
2.4190162 1.0
2.41913194074 0.0
2.43019676 1.0
2.43031250074 0.0
2.43929398 1.0
2.43940972074 0.0
2.45047454 1.0
2.45059028074 0.0
2.45471065 1.0
2.45482639074 0.0
2.46165509 1.0
2.46177083074 0.0
2.47144676 1.0
2.47156250074 0.0
2.48123843 1.0
2.48135417074 0.0
2.49103009 1.0
2.49114583074 0.0
2.50012731 1.0
2.50024305074 0.0
2.50644676 1.0
2.50656250074 0.0
2.51200231 1.0
2.51211805074 0.0
2.52672454 1.0
2.52684028074 0.0
2.53366898 1.0
2.53378472074 0.0
2.54137731 1.0
2.54149305074 0.0
2.5483912 1.0
2.54850694074 0.0
2.55609954 1.0
2.55621528074 0.0
2.56450231 1.0
2.56461805074 0.0
2.5721412 1.0
2.57225694074 0.0
2.58193287 1.0
2.58204861074 0.0
2.59172454 1.0
2.59184028074 0.0
2.6015162 1.0
2.60163194074 0.0
2.6127662 1.0
2.61288194074 0.0
2.62248843 1.0
2.62260417074 0.0
2.63228009 1.0
2.63239583074 0.0
2.6427662 1.0
2.64288194074 0.0
2.65325231 1.0
2.65336805074 0.0
2.66443287 1.0
2.66454861074 0.0
2.67144676 1.0
2.67156250074 0.0
2.68262731 1.0
2.68274305074 0.0
2.69241898 1.0
2.69253472074 0.0
2.70290509 1.0
2.70302083074 0.0
2.7133912 1.0
2.71350694074 0.0
2.72109954 1.0
2.72121528074 0.0
2.73290509 1.0
2.73302083074 0.0
2.74408565 1.0
2.74420139074 0.0
2.7552662 1.0
2.75538194074 0.0
2.76582176 1.0
2.76593750074 0.0
2.77422454 1.0
2.77434028074 0.0
2.78186343 1.0
2.78197917074 0.0
2.79373843 1.0
2.79385417074 0.0
2.80422454 1.0
2.80434028074 0.0
2.81609954 1.0
2.81621528074 0.0
2.82734954 1.0
2.82746528074 0.0
#3.36478009 1.0
#3.36489583074 0.0
#3.36616898 1.0
#3.36628472074 0.0
3.3690162 1.0
3.36913194074 0.0
3.37672454 1.0
3.37684028074 0.0
3.38505787 1.0
3.38517361074 0.0
3.39630787 1.0
3.39642361074 0.0
3.40679398 1.0
3.40690972074 0.0
3.41866898 1.0
3.41878472074 0.0
3.43123843 1.0
3.43135417074 0.0
3.44311343 1.0
3.44322917074 0.0
3.45505787 1.0
3.45517361074 0.0
3.46200231 1.0
3.46211805074 0.0
3.47248843 1.0
3.47260417074 0.0
3.48436343 1.0
3.48447917074 0.0
3.49561343 1.0
3.49572917074 0.0
3.50748843 1.0
3.50760417074 0.0
3.51450231 1.0
3.51461805074 0.0
3.52283565 1.0
3.52295139074 0.0
3.53471065 1.0
3.53482639074 0.0
3.5458912 1.0
3.54600694074 0.0
3.55707176 1.0
3.55718750074 0.0
3.61505787 1.0
3.61517361074 0.0
3.61575231 1.0
3.61586805074 0.0
3.6165162 1.0
3.61663194074 0.0
3.61721065 1.0
3.61732639074 0.0
3.64929398 1.0
3.64940972074 0.0
3.66818287 1.0
3.66829861074 0.0
3.68853009 1.0
3.68864583074 0.0
3.70866898 1.0
3.70878472074 0.0
3.72547454 1.0
3.72559028074 0.0
3.7465162 1.0
3.74663194074 0.0
3.76748843 1.0
3.76760417074 0.0
3.78915509 1.0
3.78927083074 0.0
3.80804398 1.0
3.80815972074 0.0
3.83109954 1.0
3.83121528074 0.0
#4.36505787 1.0
4.36517361074 0.0
4.3665162 1.0
4.36663194074 0.0
4.38193287 1.0
4.38204861074 0.0
4.39866898 1.0
4.39878472074 0.0
4.41686343 1.0
4.41697917074 0.0
4.43575231 1.0
4.43586805074 0.0
4.4490162 1.0
4.44913194074 0.0
4.4671412 1.0
4.46725694074 0.0
4.48672454 1.0
4.48684028074 0.0
4.49866898 1.0
4.49878472074 0.0
4.51957176 1.0
4.51968750074 0.0
4.53915509 1.0
4.53927083074 0.0
4.55665509 1.0
4.55677083074 0.0
4.57547454 1.0
4.57559028074 0.0
4.59436343 1.0
4.59447917074 0.0
4.60908565 1.0
4.60920139074 0.0
4.62582176 1.0
4.62593750074 0.0
4.64186343 1.0
4.64197917074 0.0
4.66012731 1.0
4.66024305074 0.0
4.67130787 1.0
4.67142361074 0.0
4.69082176 1.0
4.69093750074 0.0
4.7090162 1.0
4.70913194074 0.0
4.72228009 1.0
4.72239583074 0.0
4.73623843 1.0
4.73635417074 0.0
4.75582176 1.0
4.75593750074 0.0
4.77262731 1.0
4.77274305074 0.0
4.78658565 1.0
4.78670139074 0.0
4.79991898 1.0
4.80003472074 0.0
4.82158565 1.0
4.82170139074 0.0
#5.36811343 1.0
#5.36822917074 0.0
5.36950231 1.0
5.36961805074 0.0
5.38630787 1.0
5.38642361074 0.0
5.40234954 1.0
5.40246528074 0.0
5.4177662 1.0
5.41788194074 0.0
5.43728009 1.0
5.43739583074 0.0
5.45686343 1.0
5.45697917074 0.0
5.47505787 1.0
5.47517361074 0.0
5.49457176 1.0
5.49468750074 0.0
5.51346065 1.0
5.51357639074 0.0
5.53234954 1.0
5.53246528074 0.0
5.55193287 1.0
5.55204861074 0.0
5.5715162 1.0
5.57163194074 0.0
5.58207176 1.0
5.58218750074 0.0
5.59950231 1.0
5.59961805074 0.0
5.61693287 1.0
5.61704861074 0.0
5.63373843 1.0
5.63385417074 0.0
5.64700231 1.0
5.64711805074 0.0
5.65957176 1.0
5.65968750074 0.0
5.67991898 1.0
5.68003472074 0.0
5.69950231 1.0
5.69961805074 0.0
5.71832176 1.0
5.71843750074 0.0
5.73929398 1.0
5.73940972074 0.0
5.75957176 1.0
5.75968750074 0.0
5.77984954 1.0
5.77996528074 0.0
5.80221065 1.0
5.80232639074 0.0
5.82109954 1.0
5.82121528074 0.0
6.3640162 1.0
6.36413194074 0.0
6.36547454 1.0
6.36559028074 0.0
6.37943287 1.0
6.37954861074 0.0
6.39415509 1.0
6.39427083074 0.0
6.41234954 1.0
6.41246528074 0.0
6.42978009 1.0
6.42989583074 0.0
6.44866898 1.0
6.44878472074 0.0
6.46686343 1.0
6.46697917074 0.0
6.48568287 1.0
6.48579861074 0.0
6.5052662 1.0
6.50538194074 0.0
6.52346065 1.0
6.52357639074 0.0
6.53533565 1.0
6.53545139074 0.0
6.55561343 1.0
6.55572917074 0.0
6.57450231 1.0
6.57461805074 0.0
6.58568287 1.0
6.58579861074 0.0
6.60380787 1.0
6.60392361074 0.0
6.62061343 1.0
6.62072917074 0.0
6.63880787 1.0
6.63892361074 0.0
6.65554398 1.0
6.65565972074 0.0
6.67373843 1.0
6.67385417074 0.0
6.74952546 1.0
6.74964120074 0.0
6.75021991 1.0
6.75033565074 0.0
