0. 0.
-3.52758102  1
-3.52744213  0
-3.52688657  1
-3.52674769  0
-3.52619213  1
-3.52605324  0
-3.52549769  1
-3.52535880  0
-3.52480324  1
-3.52466435  0
-3.52410880  1
-3.52396991  0
-3.52334491  1
-3.52327546  0
-3.52265046  1
-3.52258102  0
-3.52195602  1
-3.52181713  0
-3.52126157  1
-3.52112269  0
-3.52056713  1
-3.52042824  0
-3.51987269  1
-3.51973380  0
-3.51917824  1
-3.51903935  0
-3.51876157  1
-3.51862269  0
-3.51806713  1
-3.51792824  0
-3.51737269  1
-3.51723380  0
-3.51667824  1
-3.51653935  0
-3.51452546  1
-3.51438657  0
-3.51390046  1
-3.51376157  0
-3.51313657  1
-3.51306713  0
-3.51244213  1
-3.51237269  0
-3.51174769  1
-3.51167824  0
-3.51105324  1
-3.51098380  0
-3.49424769  1
-3.49410880  0
-3.49355324  1
-3.49341435  0
-3.49285880  1
-3.49271991  0
-3.49216435  1
-3.49202546  0
-3.49146991  1
-3.49133102  0
-3.49077546  1
-3.49063657  0
-3.46834491  1
-3.46827546  0
-3.46765046  1
-3.46758102  0
-3.46695602  1
-3.46688657  0
-3.46626157  1
-3.46612269  0
-3.46556713  1
-3.46542824  0
-3.46487269  1
-3.46473380  0
-3.46417824  1
-3.46403935  0
-3.46348380  1
-3.46334491  0
-3.46278935  1
-3.46265046  0
-3.46209491  1
-3.46195602  0
-3.46140046  1
-3.46126157  0
-3.46070602  1
-3.46056713  0
-3.46001157  1
-3.45987269  0
-3.45931713  1
-3.45917824  0
-3.45855324  1
-3.45848380  0
-3.45792824  1
-3.45778935  0
-3.45716435  1
-3.45709491  0
-3.45646991  1
-3.45640046  0
-3.45577546  1
-3.45570602  0
-3.45508102  1
-3.45501157  0
-3.45438657  1
-3.45431713  0
-3.45369213  1
-3.45355324  0
-3.45299769  1
-3.45285880  0
-3.45230324  1
-3.45216435  0
-3.45160880  1
-3.45146991  0
-3.45091435  1
-3.45077546  0
-3.45021991  1
-3.45008102  0
-3.44952546  1
-3.44938657  0
-3.44883102  1
-3.44869213  0
-3.44813657  1
-3.44799769  0
-3.44737269  1
-3.44730324  0
-3.44667824  1
-3.44660880  0
-3.44598380  1
-3.44591435  0
-3.44528935  1
-3.44515046  0
-3.44459491  1
-3.44445602  0
-3.44390046  1
-3.44376157  0
-3.44320602  1
-3.44306713  0
-3.44251157  1
-3.44237269  0
-3.44181713  1
-3.44167824  0
-3.44112269  1
-3.44098380  0
-3.44035880  1
-3.44028935  0
-3.43966435  1
-3.43959491  0
-3.43896991  1
-3.43890046  0
-3.43827546  1
-3.43820602  0
-3.43758102  1
-3.43744213  0
-3.43688657  1
-3.43674769  0
-3.43619213  1
-3.43605324  0
-3.43549769  1
-3.43535880  0
-3.35924769  1
-3.35910880  0
-3.35855324  1
-3.35841435  0
-3.35785880  1
-3.35771991  0
-3.35716435  1
-3.35702546  0
-3.35702546  1
-3.35695602  0
-3.35695602  1
-3.35688657  0
-3.35640046  1
-3.35633102  0
-3.35570602  1
-3.35563657  0
-3.35542824  1
-3.35535880  0
-3.35473380  1
-3.35466435  0
-3.35403935  1
-3.35396991  0
-3.34077546  1
-3.34070602  0
-3.32119213  1
-3.32112269  0
-3.30160880  1
-3.30153935  0
-3.28271991  1
-3.28265046  0
-3.26313657  1
-3.26306713  0
-2.72362269  1
-2.72355324  0
-2.71105324  1
-2.71098380  0
-2.69570602  1
-2.69563657  0
-2.68028935  1
-2.68028935  0
-2.66355324  1
-2.66348380  0
-2.64744213  1
-2.64737269  0
-2.63278935  1
-2.63271991  0
-2.61528935  1
-2.61528935  0
-2.59785880  1
-2.59778935  0
-2.58174769  1
-2.58167824  0
-2.56501157  1
-2.56494213  0
-2.54890046  1
-2.54883102  0
-2.53348380  1
-2.53348380  0
-2.52306713  1
-2.52299769  0
-2.50695602  1
-2.50688657  0
-2.49230324  1
-2.49223380  0
-2.46640046  1
-2.46633102  0
-2.45383102  1
-2.45383102  0
-2.44265046  1
-2.44258102  0
-2.42869213  1
-2.42862269  0
-2.41466435  1
-2.41466435  0
-2.40348380  1
-2.40348380  0
-2.38952546  1
-2.38945602  0
-2.37480324  1
-2.37480324  0
-2.36292824  1
-2.36285880  0
-2.35105324  1
-2.35098380  0
-2.33640046  1
-2.33633102  0
-2.32174769  1
-2.32167824  0
-2.30633102  1
-2.30626157  0
-2.29445602  1
-2.29438657  0
-2.28049769  1
-2.28042824  0
-2.26515046  1
-2.26508102  0
-2.25188657  1
-2.25181713  0
-1.71855324  1
-1.71848380  0
-1.71785880  1
-1.71778935  0
-1.71646991  1
-1.71640046  0
-1.71160880  1
-1.71153935  0
-1.70883102  1
-1.70876157  0
-1.70806713  1
-1.70806713  0
-1.70737269  1
-1.70737269  0
-1.70667824  1
-1.70667824  0
-1.70598380  1
-1.70591435  0
-1.70528935  1
-1.70521991  0
-1.70459491  1
-1.70452546  0
-1.70390046  1
-1.70383102  0
-1.70320602  1
-1.70313657  0
-1.70251157  1
-1.70244213  0
-1.70181713  1
-1.70174769  0
-1.70112269  1
-1.70105324  0
-1.70042824  1
-1.70035880  0
-1.69973380  1
-1.69966435  0
-1.69903935  1
-1.69896991  0
-1.69834491  1
-1.69827546  0
-1.69765046  1
-1.69758102  0
-1.69695602  1
-1.69688657  0
-1.69619213  1
-1.69619213  0
-1.69549769  1
-1.69542824  0
-1.69480324  1
-1.69473380  0
-1.69410880  1
-1.69403935  0
-1.69341435  1
-1.69334491  0
-1.69271991  1
-1.69265046  0
-1.69202546  1
-1.69195602  0
-1.69133102  1
-1.69126157  0
-1.69063657  1
-1.69056713  0
-1.68994213  1
-1.68987269  0
-1.68924769  1
-1.68917824  0
-1.68855324  1
-1.68848380  0
-1.68785880  1
-1.68778935  0
-1.68709491  1
-1.68709491  0
-1.68640046  1
-1.68640046  0
-1.68570602  1
-1.68563657  0
-1.68501157  1
-1.68501157  0
-1.68431713  1
-1.68424769  0
-1.68362269  1
-1.68355324  0
-1.68292824  1
-1.68285880  0
-1.68223380  1
-1.68216435  0
-1.68153935  1
-1.68146991  0
-1.68084491  1
-1.68077546  0
-1.68015046  1
-1.68008102  0
-1.67945602  1
-1.67938657  0
-1.67876157  1
-1.67869213  0
-1.67806713  1
-1.67792824  0
-1.67737269  1
-1.67723380  0
-1.67667824  1
-1.67653935  0
-1.67598380  1
-1.67584491  0
-1.67521991  1
-1.67515046  0
-1.67452546  1
-1.67445602  0
-1.67383102  1
-1.67376157  0
-1.67313657  1
-1.67306713  0
-1.67244213  1
-1.67237269  0
-1.67174769  1
-1.67167824  0
-1.67105324  1
-1.67098380  0
-1.67028935  1
-1.67028935  0
-1.66959491  1
-1.66959491  0
-1.66890046  1
-1.66890046  0
-1.66820602  1
-1.66820602  0
-1.66751157  1
-1.66751157  0
-1.66681713  1
-1.66674769  0
-1.66612269  1
-1.66605324  0
-1.66542824  1
-1.66535880  0
-1.66473380  1
-1.66466435  0
-1.66403935  1
-1.66396991  0
-1.66334491  1
-1.66327546  0
-1.66265046  1
-1.66258102  0
-1.66195602  1
-1.66188657  0
-1.66126157  1
-1.66119213  0
-1.66056713  1
-1.66049769  0
-1.65987269  1
-1.65980324  0
-1.65917824  1
-1.65910880  0
-1.65848380  1
-1.65841435  0
-1.65778935  1
-1.65771991  0
-1.65709491  1
-1.65702546  0
-1.65640046  1
-1.65633102  0
-1.65570602  1
-1.65563657  0
-1.65501157  1
-1.65494213  0
-1.65431713  1
-1.65424769  0
-1.65362269  1
-1.65355324  0
-1.65285880  1
-1.65285880  0
-1.65216435  1
-1.65216435  0
-1.65146991  1
-1.65140046  0
-1.65077546  1
-1.65070602  0
-1.65008102  1
-1.65001157  0
-1.64938657  1
-1.64931713  0
-1.64869213  1
-1.64862269  0
-1.64799769  1
-1.64792824  0
-1.64730324  1
-1.64723380  0
-1.64660880  1
-1.64653935  0
-1.64591435  1
-1.64584491  0
-1.64521991  1
-1.64515046  0
-1.64452546  1
-1.64445602  0
-1.64383102  1
-1.64376157  0
-1.64306713  1
-1.64306713  0
-1.64237269  1
-1.64237269  0
-1.64167824  1
-1.64167824  0
-1.64098380  1
-1.64091435  0
-1.64028935  1
-1.64021991  0
-1.63959491  1
-1.63952546  0
-1.63890046  1
-1.63883102  0
-1.63820602  1
-1.63813657  0
-1.63751157  1
-1.63744213  0
-1.63681713  1
-1.63674769  0
-1.63612269  1
-1.63605324  0
-1.63542824  1
-1.63535880  0
-1.63473380  1
-1.63466435  0
-1.63403935  1
-1.63396991  0
-1.63334491  1
-1.63327546  0
-1.63258102  1
-1.63258102  0
-1.63188657  1
-1.63188657  0
-1.63119213  1
-1.63119213  0
-1.63049769  1
-1.63042824  0
-1.62980324  1
-1.62973380  0
-1.62910880  1
-1.62903935  0
-1.62841435  1
-1.62834491  0
-1.62771991  1
-1.62765046  0
-1.62702546  1
-1.62695602  0
-1.62633102  1
-1.62626157  0
-1.62563657  1
-1.62556713  0
-1.62494213  1
-1.62487269  0
-1.62424769  1
-1.62417824  0
-1.62355324  1
-1.62348380  0
-1.62285880  1
-1.62278935  0
-1.62216435  1
-1.62209491  0
-1.62146991  1
-1.62140046  0
-1.62070602  1
-1.62070602  0
-1.62001157  1
-1.61994213  0
-1.61931713  1
-1.61924769  0
-1.61862269  1
-1.61855324  0
-1.61792824  1
-1.61785880  0
-1.61723380  1
-1.61716435  0
-1.61653935  1
-1.61646991  0
-1.61584491  1
-1.61577546  0
-1.61515046  1
-1.61508102  0
-1.61445602  1
-1.61438657  0
-1.61376157  1
-1.61369213  0
-1.61306713  1
-1.61299769  0
-1.61237269  1
-1.61230324  0
-1.61160880  1
-1.61160880  0
-1.61091435  1
-1.61091435  0
-1.61021991  1
-1.61015046  0
-1.60952546  1
-1.60945602  0
-1.60883102  1
-1.60876157  0
-1.60813657  1
-1.60806713  0
-1.60744213  1
-1.60737269  0
-1.60674769  1
-1.60667824  0
-1.60605324  1
-1.60598380  0
-1.60535880  1
-1.60528935  0
-1.60466435  1
-1.60459491  0
-1.60396991  1
-1.60390046  0
-1.60327546  1
-1.60320602  0
-1.60258102  1
-1.60251157  0
-1.60188657  1
-1.60181713  0
-1.60119213  1
-1.60112269  0
-1.60049769  1
-1.60042824  0
-1.59980324  1
-1.59973380  0
-1.59910880  1
-1.59903935  0
-1.59841435  1
-1.59834491  0
-1.59765046  1
-1.59758102  0
-1.59695602  1
-1.59688657  0
-1.59626157  1
-1.59619213  0
-1.59556713  1
-1.59549769  0
-1.59487269  1
-1.59480324  0
-1.59417824  1
-1.59410880  0
-1.59348380  1
-1.59341435  0
-1.59278935  1
-1.59271991  0
-1.59209491  1
-1.59202546  0
-1.59140046  1
-1.59133102  0
-1.59070602  1
-1.59063657  0
-1.59001157  1
-1.58994213  0
-1.58931713  1
-1.58924769  0
-1.58855324  1
-1.58855324  0
-1.58785880  1
-1.58785880  0
-1.58716435  1
-1.58716435  0
-1.58646991  1
-1.58640046  0
-1.58577546  1
-1.58570602  0
-1.58508102  1
-1.58501157  0
-1.58438657  1
-1.58431713  0
-1.58369213  1
-1.58362269  0
-1.58299769  1
-1.58292824  0
-1.58230324  1
-1.58223380  0
-1.58160880  1
-1.58153935  0
-1.58091435  1
-1.58084491  0
-1.58021991  1
-1.58015046  0
-1.57952546  1
-1.57945602  0
-1.57883102  1
-1.57876157  0
-1.57806713  1
-1.57806713  0
-1.57737269  1
-1.57730324  0
-1.57667824  1
-1.57660880  0
-1.57598380  1
-1.57591435  0
-1.57528935  1
-1.57521991  0
-1.57459491  1
-1.57452546  0
-1.57390046  1
-1.57383102  0
-1.57320602  1
-1.57313657  0
-1.57251157  1
-1.57244213  0
-1.57181713  1
-1.57174769  0
-1.57112269  1
-1.57105324  0
-1.57042824  1
-1.57035880  0
-1.56973380  1
-1.56966435  0
-1.56903935  1
-1.56896991  0
-1.56834491  1
-1.56827546  0
-1.56765046  1
-1.56758102  0
-1.56695602  1
-1.56688657  0
-1.56619213  1
-1.56619213  0
-1.56549769  1
-1.56542824  0
-1.56480324  1
-1.56473380  0
-1.56410880  1
-1.56403935  0
-1.56341435  1
-1.56334491  0
-1.56271991  1
-1.56265046  0
-1.56202546  1
-1.56195602  0
-1.56133102  1
-1.56126157  0
-1.56063657  1
-1.56056713  0
-1.55994213  1
-1.55987269  0
-1.55924769  1
-1.55917824  0
-1.55855324  1
-1.55848380  0
-1.55785880  1
-1.55778935  0
-1.55716435  1
-1.55709491  0
-1.55640046  1
-1.55640046  0
-1.55570602  1
-1.55570602  0
-1.55501157  1
-1.55501157  0
-1.55431713  1
-1.55424769  0
-1.55362269  1
-1.55355324  0
-1.55292824  1
-1.55285880  0
-1.55223380  1
-1.55216435  0
-1.55153935  1
-1.55146991  0
-1.55084491  1
-1.55077546  0
-1.55015046  1
-1.55008102  0
-1.54945602  1
-1.54938657  0
-1.54869213  1
-1.54862269  0
-1.54799769  1
-1.54799769  0
-1.54730324  1
-1.54730324  0
-1.54660880  1
-1.54653935  0
-1.54591435  1
-1.54584491  0
-1.54521991  1
-1.54515046  0
-1.54452546  1
-1.54445602  0
-1.54383102  1
-1.54376157  0
-1.54313657  1
-1.54306713  0
-1.54244213  1
-1.54237269  0
-1.54174769  1
-1.54167824  0
-1.54105324  1
-1.54098380  0
-1.54035880  1
-1.54028935  0
-1.53966435  1
-1.53959491  0
-1.53896991  1
-1.53890046  0
-1.53827546  1
-1.53820602  0
-1.53758102  1
-1.53751157  0
-1.50265046  1
-1.50251157  0
-1.48098380  1
-1.48091435  0
-1.46903935  1
-1.46903935  0
-1.45924769  1
-1.45924769  0
-1.45160880  1
-1.45153935  0
-1.44174769  1
-1.44174769  0
-1.43410880  1
-1.43403935  0
-1.42501157  1
-1.42494213  0
-1.41591435  1
-1.41584491  0
-1.40612269  1
-1.40612269  0
-1.39563657  1
-1.39556713  0
-1.38591435  1
-1.38584491  0
-1.37605324  1
-1.37605324  0
-1.36910880  1
-1.36910880  0
-1.36077546  1
-1.36070602  0
-1.35167824  1
-1.35160880  0
-1.34188657  1
-1.34181713  0
-1.33140046  1
-1.33133102  0
-1.32369213  1
-1.32362269  0
-1.31528935  1
-1.31521991  0
-1.30619213  1
-1.30612269  0
-1.29570602  1
-1.29563657  0
-1.28667824  1
-1.28660880  0
-1.27688657  1
-1.27674769  0
-1.26702546  1
-1.26695602  0
-1.25660880  1
-1.25653935  0
-0.72133102  1
-0.72126157  0
-0.72063657  1
-0.72056713  0
-0.71994213  1
-0.71987269  0
-0.71924769  1
-0.71917824  0
-0.71855324  1
-0.71848380  0
-0.71785880  1
-0.71778935  0
-0.71640046  1
-0.71640046  0
-0.71570602  1
-0.71570602  0
-0.71501157  1
-0.71494213  0
-0.71431713  1
-0.71424769  0
-0.71362269  1
-0.71355324  0
-0.71292824  1
-0.71285880  0
-0.71223380  1
-0.71216435  0
-0.71153935  1
-0.71146991  0
-0.71084491  1
-0.71077546  0
-0.71015046  1
-0.71008102  0
-0.70945602  1
-0.70938657  0
-0.70876157  1
-0.70869213  0
-0.70806713  1
-0.70799769  0
-0.70737269  1
-0.70730324  0
-0.70667824  1
-0.70660880  0
-0.70598380  1
-0.70591435  0
-0.70528935  1
-0.70521991  0
-0.70459491  1
-0.70452546  0
-0.70383102  1
-0.70376157  0
-0.70313657  1
-0.70306713  0
-0.70244213  1
-0.70237269  0
-0.70174769  1
-0.70167824  0
-0.70105324  1
-0.70098380  0
-0.70035880  1
-0.70028935  0
-0.69966435  1
-0.69959491  0
-0.69896991  1
-0.69890046  0
-0.69827546  1
-0.69820602  0
-0.69758102  1
-0.69751157  0
-0.69688657  1
-0.69681713  0
-0.69619213  1
-0.69612269  0
-0.69542824  1
-0.69542824  0
-0.69473380  1
-0.69473380  0
-0.69403935  1
-0.69403935  0
-0.69334491  1
-0.69327546  0
-0.69265046  1
-0.69258102  0
-0.69195602  1
-0.69188657  0
-0.69126157  1
-0.69119213  0
-0.69056713  1
-0.69049769  0
-0.68987269  1
-0.68980324  0
-0.68910880  1
-0.68910880  0
-0.68841435  1
-0.68841435  0
-0.68771991  1
-0.68771991  0
-0.68702546  1
-0.68695602  0
-0.68633102  1
-0.68633102  0
-0.68563657  1
-0.68556713  0
-0.68494213  1
-0.68487269  0
-0.68424769  1
-0.68417824  0
-0.68355324  1
-0.68348380  0
-0.68285880  1
-0.68278935  0
-0.68216435  1
-0.68209491  0
-0.68146991  1
-0.68140046  0
-0.68077546  1
-0.68070602  0
-0.68008102  1
-0.68001157  0
-0.67938657  1
-0.67931713  0
-0.67869213  1
-0.67862269  0
-0.67799769  1
-0.67792824  0
-0.67730324  1
-0.67723380  0
-0.67660880  1
-0.67653935  0
-0.67591435  1
-0.67584491  0
-0.67515046  1
-0.67515046  0
-0.67445602  1
-0.67445602  0
-0.67376157  1
-0.67369213  0
-0.67306713  1
-0.67299769  0
-0.67237269  1
-0.67230324  0
-0.67167824  1
-0.67160880  0
-0.67098380  1
-0.67091435  0
-0.67028935  1
-0.67021991  0
-0.66959491  1
-0.66952546  0
-0.66890046  1
-0.66883102  0
-0.66820602  1
-0.66813657  0
-0.66751157  1
-0.66744213  0
-0.66681713  1
-0.66674769  0
-0.66612269  1
-0.66605324  0
-0.66542824  1
-0.66535880  0
-0.66473380  1
-0.66466435  0
-0.66403935  1
-0.66396991  0
-0.66334491  1
-0.66327546  0
-0.66258102  1
-0.66258102  0
-0.66188657  1
-0.66188657  0
-0.66119213  1
-0.66119213  0
-0.66049769  1
-0.66042824  0
-0.65980324  1
-0.65973380  0
-0.65910880  1
-0.65903935  0
-0.65841435  1
-0.65834491  0
-0.65771991  1
-0.65765046  0
-0.65702546  1
-0.65695602  0
-0.65633102  1
-0.65626157  0
-0.65563657  1
-0.65556713  0
-0.65494213  1
-0.65487269  0
-0.65424769  1
-0.65417824  0
-0.65355324  1
-0.65348380  0
-0.65285880  1
-0.65278935  0
-0.65209491  1
-0.65209491  0
-0.65140046  1
-0.65140046  0
-0.65070602  1
-0.65063657  0
-0.65001157  1
-0.64994213  0
-0.64931713  1
-0.64924769  0
-0.64862269  1
-0.64855324  0
-0.64792824  1
-0.64785880  0
-0.64723380  1
-0.64716435  0
-0.64653935  1
-0.64646991  0
-0.64584491  1
-0.64577546  0
-0.64515046  1
-0.64508102  0
-0.64445602  1
-0.64431713  0
-0.64376157  1
-0.64362269  0
-0.64306713  1
-0.64292824  0
-0.64237269  1
-0.64223380  0
-0.64160880  1
-0.64153935  0
-0.64091435  1
-0.64084491  0
-0.64021991  1
-0.64015046  0
-0.63952546  1
-0.63945602  0
-0.63883102  1
-0.63876157  0
-0.63813657  1
-0.63806713  0
-0.63744213  1
-0.63737269  0
-0.63667824  1
-0.63667824  0
-0.63598380  1
-0.63598380  0
-0.63528935  1
-0.63521991  0
-0.63459491  1
-0.63459491  0
-0.63390046  1
-0.63383102  0
-0.63320602  1
-0.63313657  0
-0.63251157  1
-0.63244213  0
-0.63181713  1
-0.63181713  0
-0.63112269  1
-0.63105324  0
-0.63042824  1
-0.63035880  0
-0.62973380  1
-0.62966435  0
-0.62903935  1
-0.62896991  0
-0.62834491  1
-0.62827546  0
-0.62765046  1
-0.62758102  0
-0.62695602  1
-0.62688657  0
-0.62626157  1
-0.62619213  0
-0.62556713  1
-0.62549769  0
-0.62487269  1
-0.62480324  0
-0.62417824  1
-0.62410880  0
-0.62348380  1
-0.62341435  0
-0.62278935  1
-0.62271991  0
-0.62209491  1
-0.62202546  0
-0.62140046  1
-0.62133102  0
-0.62070602  1
-0.62063657  0
-0.62001157  1
-0.61994213  0
-0.61931713  1
-0.61924769  0
-0.61862269  1
-0.61855324  0
-0.61792824  1
-0.61785880  0
-0.61723380  1
-0.61716435  0
-0.61646991  1
-0.61646991  0
-0.61577546  1
-0.61577546  0
-0.61508102  1
-0.61501157  0
-0.61438657  1
-0.61431713  0
-0.61369213  1
-0.61362269  0
-0.61299769  1
-0.61292824  0
-0.61230324  1
-0.61223380  0
-0.61160880  1
-0.61153935  0
-0.61091435  1
-0.61084491  0
-0.61021991  1
-0.61015046  0
-0.60952546  1
-0.60945602  0
-0.60883102  1
-0.60876157  0
-0.60813657  1
-0.60806713  0
-0.60744213  1
-0.60737269  0
-0.60667824  1
-0.60667824  0
-0.60598380  1
-0.60598380  0
-0.60528935  1
-0.60528935  0
-0.60459491  1
-0.60452546  0
-0.60390046  1
-0.60383102  0
-0.60320602  1
-0.60313657  0
-0.60251157  1
-0.60244213  0
-0.60181713  1
-0.60174769  0
-0.60112269  1
-0.60105324  0
-0.60042824  1
-0.60035880  0
-0.59973380  1
-0.59966435  0
-0.59903935  1
-0.59896991  0
-0.59834491  1
-0.59827546  0
-0.59765046  1
-0.59758102  0
-0.59695602  1
-0.59688657  0
-0.59626157  1
-0.59619213  0
-0.59549769  1
-0.59549769  0
-0.59480324  1
-0.59473380  0
-0.59410880  1
-0.59403935  0
-0.59341435  1
-0.59334491  0
-0.59271991  1
-0.59265046  0
-0.59202546  1
-0.59195602  0
-0.59133102  1
-0.59126157  0
-0.59063657  1
-0.59056713  0
-0.58994213  1
-0.58987269  0
-0.58924769  1
-0.58917824  0
-0.58855324  1
-0.58848380  0
-0.58785880  1
-0.58778935  0
-0.58716435  1
-0.58709491  0
-0.58646991  1
-0.58640046  0
-0.58577546  1
-0.58570602  0
-0.58501157  1
-0.58501157  0
-0.58431713  1
-0.58424769  0
-0.58362269  1
-0.58355324  0
-0.58292824  1
-0.58285880  0
-0.58223380  1
-0.58216435  0
-0.58153935  1
-0.58146991  0
-0.58084491  1
-0.58077546  0
-0.58015046  1
-0.58008102  0
-0.57945602  1
-0.57938657  0
-0.57876157  1
-0.57869213  0
-0.57799769  1
-0.57799769  0
-0.57730324  1
-0.57730324  0
-0.57660880  1
-0.57653935  0
-0.57591435  1
-0.57584491  0
-0.57521991  1
-0.57515046  0
-0.57452546  1
-0.57445602  0
-0.57383102  1
-0.57376157  0
-0.57313657  1
-0.57306713  0
-0.57244213  1
-0.57237269  0
-0.57174769  1
-0.57167824  0
-0.57105324  1
-0.57098380  0
-0.57028935  1
-0.57028935  0
-0.56966435  1
-0.56959491  0
-0.56890046  1
-0.56890046  0
-0.56820602  1
-0.56820602  0
-0.56751157  1
-0.56751157  0
-0.56681713  1
-0.56674769  0
-0.56612269  1
-0.56605324  0
-0.56542824  1
-0.56535880  0
-0.56473380  1
-0.56466435  0
-0.56403935  1
-0.56396991  0
-0.56334491  1
-0.56327546  0
-0.56265046  1
-0.56258102  0
-0.56195602  1
-0.56188657  0
-0.56126157  1
-0.56119213  0
-0.56056713  1
-0.56049769  0
-0.55987269  1
-0.55980324  0
-0.55917824  1
-0.55910880  0
-0.55841435  1
-0.55841435  0
-0.55771991  1
-0.55771991  0
-0.55702546  1
-0.55695602  0
-0.55633102  1
-0.55626157  0
-0.55563657  1
-0.55556713  0
-0.55494213  1
-0.55487269  0
-0.55424769  1
-0.55417824  0
-0.55355324  1
-0.55348380  0
-0.55285880  1
-0.55278935  0
-0.55216435  1
-0.55209491  0
-0.55146991  1
-0.55140046  0
-0.55077546  1
-0.55070602  0
-0.55008102  1
-0.55001157  0
-0.54938657  1
-0.54931713  0
-0.54890046  1
-0.54883102  0
-0.54869213  1
-0.54862269  0
-0.54813657  1
-0.54806713  0
-0.54806713  1
-0.54799769  0
-0.54799769  1
-0.54799769  0
-0.54792824  1
-0.54792824  0
-0.54758102  1
-0.54751157  0
-0.54744213  1
-0.54737269  0
-0.54730324  1
-0.54723380  1
-0.54723380  0
-0.54709491  0
-0.54709491  1
-0.54702546  1
-0.54695602  0
-0.54653935  1
-0.54653935  0
-0.54584491  1
-0.54577546  0
-0.54515046  1
-0.54508102  0
-0.54508102  0
-0.54501157  1
-0.54494213  0
-0.54487269  1
-0.54480324  0
-0.54459491  1
-0.54452546  0
-0.54445602  1
-0.54438657  0
-0.54376157  1
-0.54369213  0
-0.50883102  1
-0.50876157  0
-0.47737269  1
-0.47730324  0
-0.47459491  1
-0.47445602  0
-0.47244213  1
-0.47237269  0
-0.46688657  1
-0.46681713  0
-0.46126157  1
-0.46119213  0
-0.45640046  1
-0.45633102  0
-0.45292824  1
-0.45285880  0
-0.44660880  1
-0.44653935  0
-0.44174769  1
-0.44167824  0
-0.43612269  1
-0.43612269  0
-0.42987269  1
-0.42980324  0
-0.42355324  1
-0.42348380  0
-0.41723380  1
-0.41723380  0
-0.41098380  1
-0.41091435  0
-0.40612269  1
-0.40605324  0
-0.40466435  1
-0.40459491  0
-0.39903935  1
-0.39903935  0
-0.39417824  1
-0.39410880  0
-0.38792824  1
-0.38785880  0
-0.38653935  1
-0.38646991  0
-0.38021991  1
-0.38015046  0
-0.37390046  1
-0.37390046  0
-0.36973380  1
-0.36966435  0
-0.36410880  1
-0.36410880  0
-0.35855324  1
-0.35848380  0
-0.35646991  1
-0.35640046  0
-0.34945602  1
-0.34938657  0
-0.34383102  1
-0.34383102  0
-0.33827546  1
-0.33820602  0
-0.33202546  1
-0.33195602  0
-0.32570602  1
-0.32563657  0
-0.32077546  1
-0.32070602  0
-0.31521991  1
-0.31515046  0
-0.30890046  1
-0.30883102  0
-0.30265046  1
-0.30258102  0
-0.29771991  1
-0.29765046  0
-0.29216435  1
-0.29209491  0
-0.28792824  1
-0.28785880  0
-0.28515046  1
-0.28508102  0
-0.27744213  1
-0.27737269  0
-0.27049769  1
-0.27042824  0
-0.26348380  1
-0.26341435  0
-0.25646991  1
-0.25640046  0
-0.24952546  1
-0.24945602  0
0.27748843  1
0.27755787  0
0.27818287  1
0.27818287  0
0.27887731  1
0.27894676  0
0.27957176  1
0.27964120  0
0.28026620  1
0.28033565  0
0.28096065  1
0.28103009  0
0.28165509  1
0.28172454  0
0.28234954  1
0.28241898  0
0.28304398  1
0.28311343  0
0.28373843  1
0.28380787  0
0.28443287  1
0.28450231  0
0.28512731  1
0.28519676  0
0.28582176  1
0.28589120  0
0.28651620  1
0.28665509  0
0.28728009  1
0.28734954  0
0.28797454  1
0.28804398  0
0.28866898  1
0.28873843  0
0.28936343  1
0.28943287  0
0.29005787  1
0.29012731  0
0.29075231  1
0.29082176  0
0.29144676  1
0.29151620  0
0.29214120  1
0.29221065  0
0.29283565  1
0.29290509  0
0.29353009  1
0.29359954  0
0.29422454  1
0.29429398  0
0.29491898  1
0.29498843  0
0.29568287  1
0.29568287  0
0.29637731  1
0.29637731  0
0.29707176  1
0.29714120  0
0.29776620  1
0.29783565  0
0.29846065  1
0.29853009  0
0.29915509  1
0.29922454  0
0.29984954  1
0.29991898  0
0.30054398  1
0.30061343  0
0.30123843  1
0.30130787  0
0.30193287  1
0.30200231  0
0.30262731  1
0.30269676  0
0.30332176  1
0.30339120  0
0.30401620  1
0.30408565  0
0.30471065  1
0.30478009  0
0.30540509  1
0.30547454  0
0.30609954  1
0.30616898  0
0.30679398  1
0.30686343  0
0.30748843  1
0.30755787  0
0.30818287  1
0.30825231  0
0.30887731  1
0.30894676  0
0.30957176  1
0.30964120  0
0.31033565  1
0.31033565  0
0.31103009  1
0.31103009  0
0.31172454  1
0.31172454  0
0.31241898  1
0.31248843  0
0.31311343  1
0.31318287  0
0.31380787  1
0.31387731  0
0.31450231  1
0.31457176  0
0.31519676  1
0.31526620  0
0.31589120  1
0.31596065  0
0.31658565  1
0.31665509  0
0.31728009  1
0.31734954  0
0.31797454  1
0.31804398  0
0.31866898  1
0.31873843  0
0.31936343  1
0.31943287  0
0.32012731  1
0.32012731  0
0.32082176  1
0.32082176  0
0.32151620  1
0.32151620  0
0.32221065  1
0.32228009  0
0.32290509  1
0.32297454  0
0.32359954  1
0.32366898  0
0.32429398  1
0.32436343  0
0.32498843  1
0.32505787  0
0.32568287  1
0.32575231  0
0.32637731  1
0.32644676  0
0.32707176  1
0.32714120  0
0.32776620  1
0.32783565  0
0.32846065  1
0.32853009  0
0.32915509  1
0.32922454  0
0.32984954  1
0.32991898  0
0.33061343  1
0.33061343  0
0.33130787  1
0.33130787  0
0.33200231  1
0.33207176  0
0.33269676  1
0.33276620  0
0.33339120  1
0.33346065  0
0.33408565  1
0.33415509  0
0.33478009  1
0.33484954  0
0.33547454  1
0.33554398  0
0.33616898  1
0.33623843  0
0.33686343  1
0.33693287  0
0.33755787  1
0.33762731  0
0.33825231  1
0.33832176  0
0.33901620  1
0.33901620  0
0.33964120  1
0.33971065  0
0.34040509  1
0.34047454  0
0.34109954  1
0.34116898  0
0.34179398  1
0.34186343  0
0.34248843  1
0.34255787  0
0.34318287  1
0.34325231  0
0.34387731  1
0.34394676  0
0.34457176  1
0.34464120  0
0.34526620  1
0.34533565  0
0.34596065  1
0.34603009  0
0.34665509  1
0.34672454  0
0.34734954  1
0.34741898  0
0.34804398  1
0.34811343  0
0.34873843  1
0.34880787  0
0.34943287  1
0.34950231  0
0.35012731  1
0.35019676  0
0.35082176  1
0.35089120  0
0.35158565  1
0.35158565  0
0.35228009  1
0.35234954  0
0.35297454  1
0.35304398  0
0.35366898  1
0.35373843  0
0.35436343  1
0.35443287  0
0.35505787  1
0.35512731  0
0.35575231  1
0.35582176  0
0.35644676  1
0.35651620  0
0.35714120  1
0.35721065  0
0.35783565  1
0.35790509  0
0.35853009  1
0.35859954  0
0.35922454  1
0.35929398  0
0.35991898  1
0.35998843  0
0.36061343  1
0.36068287  0
0.36130787  1
0.36137731  0
0.36200231  1
0.36207176  0
0.36276620  1
0.36276620  0
0.36346065  1
0.36346065  0
0.36415509  1
0.36415509  0
0.36484954  1
0.36491898  0
0.36554398  1
0.36561343  0
0.36623843  1
0.36630787  0
0.36693287  1
0.36700231  0
0.36762731  1
0.36769676  0
0.36832176  1
0.36839120  0
0.36901620  1
0.36908565  0
0.36971065  1
0.36978009  0
0.37040509  1
0.37047454  0
0.37109954  1
0.37116898  0
0.37179398  1
0.37186343  0
0.37248843  1
0.37255787  0
0.37318287  1
0.37325231  0
0.37394676  1
0.37394676  0
0.37464120  1
0.37471065  0
0.37533565  1
0.37540509  0
0.37603009  1
0.37609954  0
0.37672454  1
0.37679398  0
0.37741898  1
0.37748843  0
0.37811343  1
0.37818287  0
0.37880787  1
0.37887731  0
0.37950231  1
0.37957176  0
0.38019676  1
0.38026620  0
0.38089120  1
0.38096065  0
0.38158565  1
0.38165509  0
0.38228009  1
0.38234954  0
0.38297454  1
0.38304398  0
0.38373843  1
0.38380787  0
0.38443287  1
0.38450231  0
0.38512731  1
0.38519676  0
0.38582176  1
0.38589120  0
0.38651620  1
0.38658565  0
0.38721065  1
0.38728009  0
0.38790509  1
0.38797454  0
0.38859954  1
0.38866898  0
0.38929398  1
0.38936343  0
0.38998843  1
0.39005787  0
0.39068287  1
0.39075231  0
0.39137731  1
0.39144676  0
0.39207176  1
0.39214120  0
0.39276620  1
0.39283565  0
0.39346065  1
0.39353009  0
0.39422454  1
0.39422454  0
0.39491898  1
0.39491898  0
0.39561343  1
0.39568287  0
0.39630787  1
0.39637731  0
0.39700231  1
0.39707176  0
0.39769676  1
0.39776620  0
0.39839120  1
0.39846065  0
0.39908565  1
0.39915509  0
0.39978009  1
0.39984954  0
0.40047454  1
0.40054398  0
0.40116898  1
0.40123843  0
0.40186343  1
0.40193287  0
0.40262731  1
0.40262731  0
0.40325231  1
0.40332176  0
0.40401620  1
0.40401620  0
0.40471065  1
0.40478009  0
0.40540509  1
0.40547454  0
0.40609954  1
0.40616898  0
0.40679398  1
0.40686343  0
0.40748843  1
0.40755787  0
0.40818287  1
0.40825231  0
0.40887731  1
0.40894676  0
0.40957176  1
0.40964120  0
0.41026620  1
0.41033565  0
0.41096065  1
0.41103009  0
0.41165509  1
0.41172454  0
0.41234954  1
0.41241898  0
0.41304398  1
0.41311343  0
0.41373843  1
0.41380787  0
0.41443287  1
0.41450231  0
0.41512731  1
0.41519676  0
0.41582176  1
0.41589120  0
0.41658565  1
0.41658565  0
0.41728009  1
0.41734954  0
0.41797454  1
0.41804398  0
0.41866898  1
0.41873843  0
0.41936343  1
0.41943287  0
0.42005787  1
0.42012731  0
0.42075231  1
0.42082176  0
0.42144676  1
0.42151620  0
0.42214120  1
0.42221065  0
0.42283565  1
0.42290509  0
0.42353009  1
0.42359954  0
0.42422454  1
0.42429398  0
0.42491898  1
0.42498843  0
0.42561343  1
0.42568287  0
0.42630787  1
0.42637731  0
0.42707176  1
0.42707176  0
0.42776620  1
0.42776620  0
0.42846065  1
0.42853009  0
0.42915509  1
0.42922454  0
0.42984954  1
0.42991898  0
0.43054398  1
0.43061343  0
0.43123843  1
0.43130787  0
0.43193287  1
0.43200231  0
0.43262731  1
0.43269676  0
0.43332176  1
0.43339120  0
0.43401620  1
0.43408565  0
0.43478009  1
0.43478009  0
0.43547454  1
0.43547454  0
0.43616898  1
0.43623843  0
0.43686343  1
0.43693287  0
0.43755787  1
0.43762731  0
0.43825231  1
0.43832176  0
0.43894676  1
0.43901620  0
0.43964120  1
0.43971065  0
0.44033565  1
0.44040509  0
0.44103009  1
0.44109954  0
0.44172454  1
0.44179398  0
0.44241898  1
0.44248843  0
0.44311343  1
0.44318287  0
0.44380787  1
0.44387731  0
0.44457176  1
0.44457176  0
0.44526620  1
0.44533565  0
0.44596065  1
0.44596065  0
0.44665509  1
0.44672454  0
0.44734954  1
0.44741898  0
0.44804398  1
0.44811343  0
0.44873843  1
0.44880787  0
0.44943287  1
0.44950231  0
0.45012731  1
0.45019676  0
0.45082176  1
0.45089120  0
0.45151620  1
0.45158565  0
0.45221065  1
0.45228009  0
0.45290509  1
0.45297454  0
0.45359954  1
0.45366898  0
0.45436343  1
0.45436343  0
0.45505787  1
0.45505787  0
0.45575231  1
0.45582176  0
0.45644676  1
0.45651620  0
0.45714120  1
0.45721065  0
0.45783565  1
0.45790509  0
0.45853009  1
0.45859954  0
0.45922454  1
0.45929398  0
0.45991898  1
0.45998843  0
0.46068287  1
0.46068287  0
0.46130787  1
0.46137731  0
0.46200231  1
0.46207176  0
0.46276620  1
0.46276620  0
0.46346065  1
0.46346065  0
0.46415509  1
0.46422454  0
0.46484954  1
0.46491898  0
0.46554398  1
0.46561343  0
0.46623843  1
0.46630787  0
0.46693287  1
0.46700231  0
0.46762731  1
0.46769676  0
0.46832176  1
0.46839120  0
0.46901620  1
0.46908565  0
0.46971065  1
0.46978009  0
0.47040509  1
0.47047454  0
0.47109954  1
0.47116898  0
0.47179398  1
0.47186343  0
0.47248843  1
0.47255787  0
0.47318287  1
0.47325231  0
0.47387731  1
0.47394676  0
0.47457176  1
0.47464120  0
0.47526620  1
0.47533565  0
0.47596065  1
0.47603009  0
0.47665509  1
0.47672454  0
0.47734954  1
0.47741898  0
0.47811343  1
0.47811343  0
0.47880787  1
0.47880787  0
0.47950231  1
0.47950231  0
0.48019676  1
0.48019676  0
0.48089120  1
0.48096065  0
0.48158565  1
0.48165509  0
0.48228009  1
0.48234954  0
0.48297454  1
0.48304398  0
0.48366898  1
0.48373843  0
0.48436343  1
0.48443287  0
0.48505787  1
0.48512731  0
0.48575231  1
0.48582176  0
0.48644676  1
0.48651620  0
0.48714120  1
0.48721065  0
0.48783565  1
0.48790509  0
0.48853009  1
0.48859954  0
0.48922454  1
0.48929398  0
0.48998843  1
0.48998843  0
0.49068287  1
0.49068287  0
0.49137731  1
0.49144676  0
0.49207176  1
0.49214120  0
0.49276620  1
0.49283565  0
0.49346065  1
0.49353009  0
0.49415509  1
0.49422454  0
0.49484954  1
0.49491898  0
0.49554398  1
0.49561343  0
0.49623843  1
0.49630787  0
0.49693287  1
0.49700231  0
0.49762731  1
0.49769676  0
0.49832176  1
0.49839120  0
0.49901620  1
0.49908565  0
0.49978009  1
0.49978009  0
0.50047454  1
0.50047454  0
0.50109954  1
0.50116898  0
0.50186343  1
0.50186343  0
0.50255787  1
0.50262731  0
0.50325231  1
0.50332176  0
0.50394676  1
0.50401620  0
0.50464120  1
0.50471065  0
0.50533565  1
0.50540509  0
0.50603009  1
0.50609954  0
0.50672454  1
0.50679398  0
0.50741898  1
0.50748843  0
0.50811343  1
0.50818287  0
0.50880787  1
0.50887731  0
0.50950231  1
0.50957176  0
0.51019676  1
0.51033565  0
0.51096065  1
0.51103009  0
0.51165509  1
0.51172454  0
0.51234954  1
0.51241898  0
0.51304398  1
0.51311343  0
0.51373843  1
0.51380787  0
0.51443287  1
0.51450231  0
0.51512731  1
0.51519676  0
0.51582176  1
0.51589120  0
0.51651620  1
0.51658565  0
0.51721065  1
0.51728009  0
0.51790509  1
0.51797454  0
0.51859954  1
0.51866898  0
0.51936343  1
0.51936343  0
0.52005787  1
0.52012731  0
0.52075231  1
0.52082176  0
0.52144676  1
0.52144676  0
0.52214120  1
0.52221065  0
0.52283565  1
0.52283565  0
0.52353009  1
0.52359954  0
0.52422454  1
0.52429398  0
0.52491898  1
0.52498843  0
0.52561343  1
0.52568287  0
0.52630787  1
0.52637731  0
0.52700231  1
0.52707176  0
0.52769676  1
0.52776620  0
0.52839120  1
0.52846065  0
0.52908565  1
0.52915509  0
0.52978009  1
0.52984954  0
0.53047454  1
0.53054398  0
0.53116898  1
0.53123843  0
0.53186343  1
0.53193287  0
0.53262731  1
0.53262731  0
0.53332176  1
0.53332176  0
0.53401620  1
0.53408565  0
0.53471065  1
0.53478009  0
0.53540509  1
0.53547454  0
0.53609954  1
0.53616898  0
0.53679398  1
0.53686343  0
0.53748843  1
0.53755787  0
0.53818287  1
0.53825231  0
0.53887731  1
0.53894676  0
0.53957176  1
0.53964120  0
0.54026620  1
0.54033565  0
0.54096065  1
0.54103009  0
0.54165509  1
0.54172454  0
0.54234954  1
0.54241898  0
0.54304398  1
0.54311343  0
0.54380787  1
0.54387731  0
0.54450231  1
0.54450231  0
0.54519676  1
0.54526620  0
0.54589120  1
0.54596065  0
0.54658565  1
0.54665509  0
0.54728009  1
0.54734954  0
0.54797454  1
0.54804398  0
0.54866898  1
0.54873843  0
0.54936343  1
0.54943287  0
0.55005787  1
0.55012731  0
0.55075231  1
0.55082176  0
0.55144676  1
0.55151620  0
0.55214120  1
0.55221065  0
0.55283565  1
0.55290509  0
0.55353009  1
0.55359954  0
0.55429398  1
0.55429398  0
0.55498843  1
0.55505787  0
0.55568287  1
0.55575231  0
0.55637731  1
0.55644676  0
0.55707176  1
0.55714120  0
0.55776620  1
0.55783565  0
0.55846065  1
0.55853009  0
0.55915509  1
0.55922454  0
0.55984954  1
0.55991898  0
0.56054398  1
0.56061343  0
0.56123843  1
0.56130787  0
0.56193287  1
0.56200231  0
0.56262731  1
0.56269676  0
0.56332176  1
0.56339120  0
0.56401620  1
0.56408565  0
0.56471065  1
0.56478009  0
0.56547454  1
0.56547454  0
0.56616898  1
0.56623843  0
0.56686343  1
0.56693287  0
0.56755787  1
0.56762731  0
0.56825231  1
0.56832176  0
0.56894676  1
0.56901620  0
0.56964120  1
0.56971065  0
0.57033565  1
0.57040509  0
0.57103009  1
0.57109954  0
0.57172454  1
0.57179398  0
0.57241898  1
0.57248843  0
0.57318287  1
0.57318287  0
0.57387731  1
0.57394676  0
0.57457176  1
0.57464120  0
0.57526620  1
0.57533565  0
0.57596065  1
0.57603009  0
0.57665509  1
0.57672454  0
0.57734954  1
0.57741898  0
0.57804398  1
0.57811343  0
0.57873843  1
0.57880787  0
0.57943287  1
0.57950231  0
0.58012731  1
0.58019676  0
0.58082176  1
0.58089120  0
0.58151620  1
0.58158565  0
0.58221065  1
0.58228009  0
0.58297454  1
0.58297454  0
0.58359954  1
0.58366898  0
0.58436343  1
0.58436343  0
0.58505787  1
0.58505787  0
0.58568287  1
0.58575231  0
0.58644676  1
0.58644676  0
0.58714120  1
0.58714120  0
0.58776620  1
0.58783565  0
0.58853009  1
0.58853009  0
0.58915509  1
0.58922454  0
0.58991898  1
0.58991898  0
0.59061343  1
0.59061343  0
0.59130787  1
0.59130787  0
0.59200231  1
0.59207176  0
0.59269676  1
0.59276620  0
0.59339120  1
0.59346065  0
0.59408565  1
0.59415509  0
0.59478009  1
0.59484954  0
0.59547454  1
0.59554398  0
0.59616898  1
0.59623843  0
0.59686343  1
0.59693287  0
0.59755787  1
0.59762731  0
0.59825231  1
0.59832176  0
0.59894676  1
0.59901620  0
0.59964120  1
0.59971065  0
0.60033565  1
0.60040509  0
0.60103009  1
0.60109954  0
0.60179398  1
0.60179398  0
0.60248843  1
0.60255787  0
0.60318287  1
0.60325231  0
0.60387731  1
0.60394676  0
0.60457176  1
0.60464120  0
0.60526620  1
0.60533565  0
0.60596065  1
0.60603009  0
0.60665509  1
0.60672454  0
0.60734954  1
0.60741898  0
0.60804398  1
0.60811343  0
0.60873843  1
0.60880787  0
0.60943287  1
0.60950231  0
0.61019676  1
0.61026620  0
0.61089120  1
0.61089120  0
0.61158565  1
0.61158565  0
0.61228009  1
0.61234954  0
0.61297454  1
0.61304398  0
0.61366898  1
0.61373843  0
0.61436343  1
0.61443287  0
0.61505787  1
0.61512731  0
0.61575231  1
0.61582176  0
0.61644676  1
0.61651620  0
0.61714120  1
0.61721065  0
0.61783565  1
0.61790509  0
0.61853009  1
0.61859954  0
0.61922454  1
0.61929398  0
0.61991898  1
0.61998843  0
0.62068287  1
0.62068287  0
0.62137731  1
0.62137731  0
0.62207176  1
0.62207176  0
0.62276620  1
0.62283565  0
0.62346065  1
0.62353009  0
0.62415509  1
0.62422454  0
0.62484954  1
0.62491898  0
0.62554398  1
0.62561343  0
0.62623843  1
0.62630787  0
0.62693287  1
0.62700231  0
0.62762731  1
0.62769676  0
0.62839120  1
0.62839120  0
0.62908565  1
0.62908565  0
0.62978009  1
0.62978009  0
0.63047454  1
0.63054398  0
0.63116898  1
0.63123843  0
0.63186343  1
0.63193287  0
0.63255787  1
0.63262731  0
0.63325231  1
0.63332176  0
0.63394676  1
0.63401620  0
0.63464120  1
0.63471065  0
0.63540509  1
0.63540509  0
0.63609954  1
0.63609954  0
0.63679398  1
0.63679398  0
0.63748843  1
0.63755787  0
0.63818287  1
0.63825231  0
0.63887731  1
0.63894676  0
0.63957176  1
0.63964120  0
0.64026620  1
0.64033565  0
0.64096065  1
0.64103009  0
0.64165509  1
0.64172454  0
0.64234954  1
0.64241898  0
0.64304398  1
0.64311343  0
0.64373843  1
0.64380787  0
0.64443287  1
0.64450231  0
0.64512731  1
0.64519676  0
0.64582176  1
0.64589120  0
0.64651620  1
0.64658565  0
0.64721065  1
0.64728009  0
0.64790509  1
0.64797454  0
0.64859954  1
0.64866898  0
0.64929398  1
0.64936343  0
0.64998843  1
0.65005787  0
0.65068287  1
0.65075231  0
0.65144676  1
0.65144676  0
0.65214120  1
0.65214120  0
0.65283565  1
0.65283565  0
0.65353009  1
0.65359954  0
0.65422454  1
0.65429398  0
0.65491898  1
0.65498843  0
0.65561343  1
0.65568287  0
0.65630787  1
0.65637731  0
0.65700231  1
0.65707176  0
0.65769676  1
0.65776620  0
0.65839120  1
0.65846065  0
0.65908565  1
0.65915509  0
0.65978009  1
0.65984954  0
0.66047454  1
0.66054398  0
0.66123843  1
0.66123843  0
0.66193287  1
0.66193287  0
0.66262731  1
0.66262731  0
0.66332176  1
0.66339120  0
0.66401620  1
0.66408565  0
0.66471065  1
0.66478009  0
0.66540509  1
0.66547454  0
0.66609954  1
0.66616898  0
0.66679398  1
0.66686343  0
0.66748843  1
0.66755787  0
0.66818287  1
0.66825231  0
0.66887731  1
0.66894676  0
0.66957176  1
0.66964120  0
0.67026620  1
0.67033565  0
0.67103009  1
0.67103009  0
0.67172454  1
0.67172454  0
0.67241898  1
0.67241898  0
0.67311343  1
0.67318287  0
0.67380787  1
0.67387731  0
0.67450231  1
0.67457176  0
0.67519676  1
0.67526620  0
0.67589120  1
0.67596065  0
0.67658565  1
0.67665509  0
0.67728009  1
0.67734954  0
0.67797454  1
0.67804398  0
0.67866898  1
0.67873843  0
0.67936343  1
0.67943287  0
0.68005787  1
0.68012731  0
0.68075231  1
0.68082176  0
0.68144676  1
0.68151620  0
0.68221065  1
0.68228009  0
0.68290509  1
0.68297454  0
0.68359954  1
0.68366898  0
0.68429398  1
0.68436343  0
0.68498843  1
0.68505787  0
0.68568287  1
0.68575231  0
0.68644676  1
0.68644676  0
0.68714120  1
0.68714120  0
0.68783565  1
0.68790509  0
0.68853009  1
0.68853009  0
0.68922454  1
0.68929398  0
0.68991898  1
0.68991898  0
0.69061343  1
0.69068287  0
0.69130787  1
0.69137731  0
0.69200231  1
0.69200231  0
0.69269676  1
0.69276620  0
0.69339120  1
0.69346065  0
0.69408565  1
0.69415509  0
0.69478009  1
0.69484954  0
0.69547454  1
0.69554398  0
0.69616898  1
0.69623843  0
0.69686343  1
0.69693287  0
0.69755787  1
0.69762731  0
0.69825231  1
0.69832176  0
0.69894676  1
0.69901620  0
0.69964120  1
0.69971065  0
0.70033565  1
0.70040509  0
0.70103009  1
0.70109954  0
0.70172454  1
0.70179398  0
0.70241898  1
0.70248843  0
0.70311343  1
0.70318287  0
0.70318287  1
0.70325231  0
0.70387731  1
0.70394676  0
0.70457176  1
0.70464120  0
0.70526620  1
0.70533565  0
0.70596065  1
0.70603009  0
0.70665509  1
0.70672454  0
0.70734954  1
0.70741898  0
0.70811343  1
0.70811343  0
0.70880787  1
0.70880787  0
0.70950231  1
0.70957176  0
0.71019676  1
0.71026620  0
0.71089120  1
0.71096065  0
0.71158565  1
0.71165509  0
0.71200231  1
0.71207176  0
0.71214120  1
0.71221065  0
0.71228009  1
0.71234954  0
0.71297454  1
0.71304398  0
0.71366898  1
0.71373843  0
0.71436343  1
0.71443287  0
0.71505787  1
0.71512731  0
0.71575231  1
0.71582176  0
0.71644676  1
0.71651620  0
0.71714120  1
0.71721065  0
0.71790509  1
0.71790509  0
0.71853009  1
0.71859954  0
0.71929398  1
0.71936343  0
0.71998843  1
0.72005787  0
0.72068287  1
0.72075231  0
0.72137731  1
0.72144676  0
0.72207176  1
0.72214120  0
0.72276620  1
0.72283565  0
0.72346065  1
0.72353009  0
0.72415509  1
0.72422454  0
0.72484954  1
0.72491898  0
0.72554398  1
0.72561343  0
0.72623843  1
0.72630787  0
0.72693287  1
0.72700231  0
0.72769676  1
0.72769676  0
0.72839120  1
0.72839120  0
0.72908565  1
0.72908565  0
0.72978009  1
0.72984954  0
0.73047454  1
0.73054398  0
0.73116898  1
0.73123843  0
0.73186343  1
0.73193287  0
0.73255787  1
0.73262731  0
0.73325231  1
0.73332176  0
0.73394676  1
0.73401620  0
0.73464120  1
0.73471065  0
0.73533565  1
0.73540509  0
0.73603009  1
0.73609954  0
0.74026620  1
0.74033565  0
0.74311343  1
0.74311343  0
0.74658565  1
0.74665509  0
0.74797454  1
0.74804398  0
0.75214120  1
0.75221065  0
0.75422454  1
0.75429398  0
0.75846065  1
0.75846065  0
0.76054398  1
0.76061343  0
0.76471065  1
0.76478009  0
0.76825231  1
0.76832176  0
0.77311343  1
0.77318287  0
0.77804398  1
0.77811343  0
0.78221065  1
0.78234954  0
0.78644676  1
0.78651620  0
0.79137731  1
0.79144676  0
0.79415509  1
0.79422454  0
0.79693287  1
0.79700231  0
0.80248843  1
0.80255787  0
0.80741898  1
0.80748843  0
0.81228009  1
0.81234954  0
0.81721065  1
0.81728009  0
0.82207176  1
0.82214120  0
0.82700231  1
0.82707176  0
0.83116898  1
0.83130787  0
1.35255787  1
1.35262731  0
1.35325231  1
1.35332176  0
1.35394676  1
1.35401620  0
1.35464120  1
1.35471065  0
1.35533565  1
1.35540509  0
1.35603009  1
1.35609954  0
1.35672454  1
1.35679398  0
1.35741898  1
1.35748843  0
1.35811343  1
1.35818287  0
1.35880787  1
1.35887731  0
1.35950231  1
1.35957176  0
1.36026620  1
1.36026620  0
1.36096065  1
1.36096065  0
1.36165509  1
1.36172454  0
1.36234954  1
1.36241898  0
1.36304398  1
1.36311343  0
1.36373843  1
1.36380787  0
1.36443287  1
1.36450231  0
1.36512731  1
1.36519676  0
1.36582176  1
1.36589120  0
1.36658565  1
1.36658565  0
1.36728009  1
1.36728009  0
1.36797454  1
1.36797454  0
1.36866898  1
1.36866898  0
1.36936343  1
1.36936343  0
1.37005787  1
1.37005787  0
1.37075231  1
1.37075231  0
1.37144676  1
1.37144676  0
1.37214120  1
1.37214120  0
1.37283565  1
1.37290509  0
1.37353009  1
1.37359954  0
1.37422454  1
1.37429398  0
1.37491898  1
1.37498843  0
1.37561343  1
1.37568287  0
1.37630787  1
1.37637731  0
1.37700231  1
1.37707176  0
1.37769676  1
1.37776620  0
1.37839120  1
1.37846065  0
1.37908565  1
1.37915509  0
1.37978009  1
1.37984954  0
1.38047454  1
1.38054398  0
1.38116898  1
1.38123843  0
1.38193287  1
1.38193287  0
1.38262731  1
1.38262731  0
1.38332176  1
1.38339120  0
1.38401620  1
1.38408565  0
1.38471065  1
1.38478009  0
1.38540509  1
1.38547454  0
1.38609954  1
1.38616898  0
1.38679398  1
1.38686343  0
1.38748843  1
1.38755787  0
1.38818287  1
1.38825231  0
1.38887731  1
1.38894676  0
1.38957176  1
1.38964120  0
1.39026620  1
1.39033565  0
1.39096065  1
1.39103009  0
1.39172454  1
1.39172454  0
1.39241898  1
1.39241898  0
1.39311343  1
1.39318287  0
1.39380787  1
1.39387731  0
1.39450231  1
1.39457176  0
1.39519676  1
1.39526620  0
1.39589120  1
1.39596065  0
1.39658565  1
1.39665509  0
1.39728009  1
1.39734954  0
1.39797454  1
1.39804398  0
1.39866898  1
1.39873843  0
1.39936343  1
1.39943287  0
1.40005787  1
1.40012731  0
1.40075231  1
1.40082176  0
1.40151620  1
1.40151620  0
1.40221065  1
1.40221065  0
1.40290509  1
1.40297454  0
1.40359954  1
1.40366898  0
1.40429398  1
1.40436343  0
1.40498843  1
1.40505787  0
1.40568287  1
1.40575231  0
1.40637731  1
1.40644676  0
1.40707176  1
1.40714120  0
1.40776620  1
1.40783565  0
1.40846065  1
1.40853009  0
1.40915509  1
1.40922454  0
1.40984954  1
1.40991898  0
1.41061343  1
1.41061343  0
1.41130787  1
1.41130787  0
1.41200231  1
1.41200231  0
1.41269676  1
1.41269676  0
1.41339120  1
1.41346065  0
1.41408565  1
1.41415509  0
1.41478009  1
1.41484954  0
1.41547454  1
1.41554398  0
1.41616898  1
1.41623843  0
1.41693287  1
1.41693287  0
1.41755787  1
1.41762731  0
1.41832176  1
1.41839120  0
1.41901620  1
1.41901620  0
1.41971065  1
1.41978009  0
1.42040509  1
1.42047454  0
1.42109954  1
1.42116898  0
1.42179398  1
1.42179398  0
1.42248843  1
1.42255787  0
1.42318287  1
1.42325231  0
1.42387731  1
1.42394676  0
1.42457176  1
1.42464120  0
1.42526620  1
1.42533565  0
1.42596065  1
1.42603009  0
1.42665509  1
1.42672454  0
1.42734954  1
1.42741898  0
1.42804398  1
1.42811343  0
1.42839120  1
1.42846065  0
1.42846065  1
1.42853009  0
1.42859954  1
1.42866898  0
1.42866898  1
1.42873843  0
1.42873843  1
1.42880787  0
1.42943287  1
1.42950231  0
1.42957176  1
1.42964120  0
1.42978009  1
1.42984954  0
1.42991898  1
1.42998843  0
1.42998843  1
1.43005787  0
1.43012731  1
1.43019676  0
1.43082176  1
1.43089120  0
1.43151620  1
1.43158565  0
1.43221065  1
1.43228009  0
1.45672454  1
1.45672454  0
1.46089120  1
1.46096065  0
1.46859954  1
1.46866898  0
1.47630787  1
1.47630787  0
1.48186343  1
1.48193287  0
1.49096065  1
1.49096065  0
1.49859954  1
1.49866898  0
1.50700231  1
1.50707176  0
1.51609954  1
1.51616898  0
1.52450231  1
1.52457176  0
1.53290509  1
1.53290509  0
1.53776620  1
1.53783565  0
1.54616898  1
1.54623843  0
1.54825231  1
1.54832176  0
1.55103009  1
1.55109954  0
1.55311343  1
1.55318287  0
1.55596065  1
1.55596065  0
1.55873843  1
1.55880787  0
1.56082176  1
1.56089120  0
1.56359954  1
1.56366898  0
1.56568287  1
1.56575231  0
1.56853009  1
1.56859954  0
1.57130787  1
1.57137731  0
1.57408565  1
1.57415509  0
1.57693287  1
1.57693287  0
1.57901620  1
1.57908565  0
1.58179398  1
1.58186343  0
1.58387731  1
1.58394676  0
1.58734954  1
1.58741898  0
1.58950231  1
1.58950231  0
1.59158565  1
1.59165509  0
1.59366898  1
1.59373843  0
1.59582176  1
1.59582176  0
1.59859954  1
1.59866898  0
1.60137731  1
1.60137731  0
1.60415509  1
1.60422454  0
1.60623843  1
1.60630787  0
1.60901620  1
1.60908565  0
1.61186343  1
1.61186343  0
1.61394676  1
1.61401620  0
1.61672454  1
1.61679398  0
1.61950231  1
1.61957176  0
1.62228009  1
1.62234954  0
1.62443287  1
1.62450231  0
1.62651620  1
1.62658565  0
1.62859954  1
1.62866898  0
1.62998843  1
1.63005787  0
1.63207176  1
1.63214120  0
1.63630787  1
1.63637731  0
1.63839120  1
1.63846065  0
1.64116898  1
1.64123843  0
1.64394676  1
1.64401620  0
1.64609954  1
1.64609954  0
1.64818287  1
1.64825231  0
1.65026620  1
1.65033565  0
1.65241898  1
1.65248843  0
1.65519676  1
1.65526620  0
1.65728009  1
1.65734954  0
1.66005787  1
1.66012731  0
1.66283565  1
1.66290509  0
1.66491898  1
1.66498843  0
1.66776620  1
1.66776620  0
1.67054398  1
1.67061343  0
1.67332176  1
1.67339120  0
1.67540509  1
1.67547454  0
1.67825231  1
1.67825231  0
1.68103009  1
1.68109954  0
1.68380787  1
1.68387731  0
1.68589120  1
1.68596065  0
1.68873843  1
1.68880787  0
1.69151620  1
1.69158565  0
1.69429398  1
1.69436343  0
1.69637731  1
1.69644676  0
1.69915509  1
1.69929398  0
1.70200231  1
1.70207176  0
1.70408565  1
1.70415509  0
1.70623843  1
1.70630787  0
1.70901620  1
1.70908565  0
1.70971065  1
1.70978009  0
1.71179398  1
1.71186343  0
1.71387731  1
1.71394676  0
1.71526620  1
1.71533565  0
1.71943287  1
1.71950231  0
1.72228009  1
1.72234954  0
1.72505787  1
1.72512731  0
1.72783565  1
1.72790509  0
1.72991898  1
1.72998843  0
1.73276620  1
1.73283565  0
1.73554398  1
1.73561343  0
1.73832176  1
1.73839120  0
1.74040509  1
1.74047454  0
1.74325231  1
1.74332176  0
1.74603009  1
1.74609954  0
1.74811343  1
1.74818287  0
1.75089120  1
1.75096065  0
1.75373843  1
1.75380787  0
1.75582176  1
1.75589120  0
1.75859954  1
1.75866898  0
1.76075231  1
1.76075231  0
1.76283565  1
1.76290509  0
1.76561343  1
1.76568287  0
1.76839120  1
1.76846065  0
1.77047454  1
1.77054398  0
1.77325231  1
1.77332176  0
1.77603009  1
1.77609954  0
1.77880787  1
1.77887731  0
1.78165509  1
1.78172454  0
1.78443287  1
1.78450231  0
1.78721065  1
1.78728009  0
1.78998843  1
1.79005787  0
1.79214120  1
1.79214120  0
1.79422454  1
1.79429398  0
1.79630787  1
1.79637731  0
1.79769676  1
1.79776620  0
1.80116898  1
1.80123843  0
1.80471065  1
1.80478009  0
1.80748843  1
1.80755787  0
1.80957176  1
1.80964120  0
1.81241898  1
1.81241898  0
1.81589120  1
1.81596065  0
1.81797454  1
1.81804398  0
1.82075231  1
1.82082176  0
1.82221065  1
1.82221065  0
1.82429398  1
1.82436343  0
1.82707176  1
1.82714120  0
1.82984954  1
1.82991898  0
1.83332176  1
1.83339120  0
2.36311343  1
2.36318287  0
2.36380787  1
2.36387731  0
2.36450231  1
2.36457176  0
2.36519676  1
2.36526620  0
2.36589120  1
2.36596065  0
2.36658565  1
2.36665509  0
2.36797454  1
2.36804398  0
2.36866898  1
2.36873843  0
2.36936343  1
2.36943287  0
2.37012731  1
2.37012731  0
2.37082176  1
2.37082176  0
2.37151620  1
2.37151620  0
2.37221065  1
2.37228009  0
2.37290509  1
2.37297454  0
2.37359954  1
2.37366898  0
2.37429398  1
2.37436343  0
2.37498843  1
2.37505787  0
2.37568287  1
2.37575231  0
2.37637731  1
2.37644676  0
2.37707176  1
2.37714120  0
2.37776620  1
2.37783565  0
2.37846065  1
2.37853009  0
2.37915509  1
2.37922454  0
2.37984954  1
2.37991898  0
2.38054398  1
2.38061343  0
2.38123843  1
2.38130787  0
2.38200231  1
2.38200231  0
2.38262731  1
2.38269676  0
2.38339120  1
2.38339120  0
2.38408565  1
2.38415509  0
2.38478009  1
2.38484954  0
2.38547454  1
2.38554398  0
2.38616898  1
2.38623843  0
2.38686343  1
2.38693287  0
2.38755787  1
2.38762731  0
2.38825231  1
2.38832176  0
2.38894676  1
2.38901620  0
2.38964120  1
2.38971065  0
2.39033565  1
2.39040509  0
2.39103009  1
2.39109954  0
2.39179398  1
2.39179398  0
2.39241898  1
2.39248843  0
2.39318287  1
2.39318287  0
2.39387731  1
2.39387731  0
2.39457176  1
2.39464120  0
2.39526620  1
2.39533565  0
2.39596065  1
2.39603009  0
2.39665509  1
2.39672454  0
2.39734954  1
2.39741898  0
2.39804398  1
2.39811343  0
2.39880787  1
2.39880787  0
2.39943287  1
2.39950231  0
2.40019676  1
2.40019676  0
2.40991898  1
2.40998843  0
2.41901620  1
2.41908565  0
2.43019676  1
2.43026620  0
2.43929398  1
2.43936343  0
2.45047454  1
2.45054398  0
2.45471065  1
2.45471065  0
2.46165509  1
2.46172454  0
2.47144676  1
2.47151620  0
2.48123843  1
2.48130787  0
2.49103009  1
2.49109954  0
2.50012731  1
2.50019676  0
2.50644676  1
2.50651620  0
2.51200231  1
2.51207176  0
2.52672454  1
2.52672454  0
2.53366898  1
2.53373843  0
2.54137731  1
2.54144676  0
2.54839120  1
2.54846065  0
2.55609954  1
2.55616898  0
2.56450231  1
2.56450231  0
2.57214120  1
2.57221065  0
2.58193287  1
2.58200231  0
2.59172454  1
2.59179398  0
2.60151620  1
2.60158565  0
2.61276620  1
2.61283565  0
2.62248843  1
2.62255787  0
2.63228009  1
2.63234954  0
2.64276620  1
2.64283565  0
2.65325231  1
2.65332176  0
2.66443287  1
2.66450231  0
2.67144676  1
2.67151620  0
2.68262731  1
2.68269676  0
2.69241898  1
2.69241898  0
2.70290509  1
2.70290509  0
2.71339120  1
2.71346065  0
2.72109954  1
2.72116898  0
2.73290509  1
2.73297454  0
2.74408565  1
2.74415509  0
2.75526620  1
2.75533565  0
2.76582176  1
2.76589120  0
2.77422454  1
2.77422454  0
2.78186343  1
2.78193287  0
2.79373843  1
2.79380787  0
2.80422454  1
2.80429398  0
2.81609954  1
2.81616898  0
2.82734954  1
2.82734954  0
3.36478009  1
3.36484954  0
3.36616898  1
3.36623843  0
3.36901620  1
3.36901620  0
3.37672454  1
3.37672454  0
3.38505787  1
3.38512731  0
3.39630787  1
3.39637731  0
3.40679398  1
3.40686343  0
3.41866898  1
3.41866898  0
3.43123843  1
3.43130787  0
3.44311343  1
3.44318287  0
3.45505787  1
3.45512731  0
3.46200231  1
3.46207176  0
3.47248843  1
3.47255787  0
3.48436343  1
3.48443287  0
3.49561343  1
3.49561343  0
3.50748843  1
3.50748843  0
3.51450231  1
3.51450231  0
3.52283565  1
3.52290509  0
3.53471065  1
3.53478009  0
3.54589120  1
3.54596065  0
3.55707176  1
3.55714120  0
3.56894676  1
3.56901620  0
3.57040509  1
3.57040509  0
3.57109954  1
3.57116898  0
3.57179398  1
3.57186343  0
3.57248843  1
3.57248843  0
3.57318287  1
3.57325231  0
3.57387731  1
3.57394676  0
3.57457176  1
3.57464120  0
3.57526620  1
3.57533565  0
3.57596065  1
3.57603009  0
3.57665509  1
3.57672454  0
3.57734954  1
3.57741898  0
3.57804398  1
3.57811343  0
3.57873843  1
3.57880787  0
3.57943287  1
3.57950231  0
3.58012731  1
3.58019676  0
3.58082176  1
3.58089120  0
3.58151620  1
3.58158565  0
3.58221065  1
3.58228009  0
3.58290509  1
3.58297454  0
3.58359954  1
3.58366898  0
3.58429398  1
3.58436343  0
3.58498843  1
3.58505787  0
3.58575231  1
3.58575231  0
3.58644676  1
3.58644676  0
3.58714120  1
3.58721065  0
3.58783565  1
3.58790509  0
3.58853009  1
3.58859954  0
3.58922454  1
3.58929398  0
3.58991898  1
3.58998843  0
3.59061343  1
3.59068287  0
3.59130787  1
3.59137731  0
3.59200231  1
3.59207176  0
3.59269676  1
3.59276620  0
3.59339120  1
3.59346065  0
3.59408565  1
3.59415509  0
3.59478009  1
3.59484954  0
3.59547454  1
3.59554398  0
3.59616898  1
3.59623843  0
3.59693287  1
3.59693287  0
3.59762731  1
3.59762731  0
3.59832176  1
3.59839120  0
3.59901620  1
3.59908565  0
3.59971065  1
3.59978009  0
3.60040509  1
3.60047454  0
3.60109954  1
3.60116898  0
3.60179398  1
3.60186343  0
3.60248843  1
3.60255787  0
3.60318287  1
3.60325231  0
3.60387731  1
3.60394676  0
3.60457176  1
3.60464120  0
3.60526620  1
3.60533565  0
3.60596065  1
3.60603009  0
3.60672454  1
3.60672454  0
3.60741898  1
3.60748843  0
3.60811343  1
3.60811343  0
3.60880787  1
3.60887731  0
3.60950231  1
3.60957176  0
3.61019676  1
3.61026620  0
3.61089120  1
3.61096065  0
3.61158565  1
3.61165509  0
3.61228009  1
3.61234954  0
3.61297454  1
3.61304398  0
3.61366898  1
3.61373843  0
3.61436343  1
3.61443287  0
3.61505787  1
3.61512731  0
3.61575231  1
3.61582176  0
3.61651620  1
3.61651620  0
3.61721065  1
3.61721065  0
3.64929398  1
3.64936343  0
3.66818287  1
3.66825231  0
3.68853009  1
3.68859954  0
3.70866898  1
3.70873843  0
3.72547454  1
3.72554398  0
3.74651620  1
3.74658565  0
3.76748843  1
3.76755787  0
3.78915509  1
3.78922454  0
3.80804398  1
3.80811343  0
3.83109954  1
3.83116898  0
4.36505787  1
4.36512731  0
4.36651620  1
4.36651620  0
4.38193287  1
4.38200231  0
4.39866898  1
4.39873843  0
4.41686343  1
4.41693287  0
4.43575231  1
4.43582176  0
4.44901620  1
4.44908565  0
4.46714120  1
4.46721065  0
4.48672454  1
4.48679398  0
4.49866898  1
4.49866898  0
4.51957176  1
4.51964120  0
4.53915509  1
4.53922454  0
4.55665509  1
4.55672454  0
4.57547454  1
4.57554398  0
4.59436343  1
4.59443287  0
4.60908565  1
4.60915509  0
4.62582176  1
4.62589120  0
4.64186343  1
4.64193287  0
4.66012731  1
4.66012731  0
4.67130787  1
4.67130787  0
4.69082176  1
4.69089120  0
4.70901620  1
4.70908565  0
4.72228009  1
4.72234954  0
4.73623843  1
4.73630787  0
4.75582176  1
4.75589120  0
4.77262731  1
4.77269676  0
4.78658565  1
4.78665509  0
4.79991898  1
4.79991898  0
4.82158565  1
4.82158565  0
5.36811343  1
5.36818287  0
5.36950231  1
5.36957176  0
5.38630787  1
5.38630787  0
5.40234954  1
5.40241898  0
5.41776620  1
5.41783565  0
5.43728009  1
5.43734954  0
5.45686343  1
5.45700231  0
5.47505787  1
5.47512731  0
5.49457176  1
5.49464120  0
5.51346065  1
5.51359954  0
5.53234954  1
5.53241898  0
5.55193287  1
5.55200231  0
5.57151620  1
5.57158565  0
5.58207176  1
5.58207176  0
5.59950231  1
5.59957176  0
5.61693287  1
5.61700231  0
5.63373843  1
5.63380787  0
5.64700231  1
5.64707176  0
5.65957176  1
5.65964120  0
5.67991898  1
5.67991898  0
5.69950231  1
5.69957176  0
5.71832176  1
5.71839120  0
5.73929398  1
5.73936343  0
5.75957176  1
5.75964120  0
5.77984954  1
5.77984954  0
5.80221065  1
5.80221065  0
5.82109954  1
5.82116898  0
6.36401620  1
6.36408565  0
6.36547454  1
6.36554398  0
6.37943287  1
6.37950231  0
6.39415509  1
6.39415509  0
6.41234954  1
6.41241898  0
6.42978009  1
6.42984954  0
6.44866898  1
6.44866898  0
6.46686343  1
6.46693287  0
6.48568287  1
6.48575231  0
6.50526620  1
6.50533565  0
6.52346065  1
6.52353009  0
6.53533565  1
6.53540509  0
6.55561343  1
6.55568287  0
6.57450231  1
6.57457176  0
6.58568287  1
6.58575231  0
6.60380787  1
6.60387731  0
6.62061343  1
6.62068287  0
6.63880787  1
6.63887731  0
6.65554398  1
6.65561343  0
6.67373843  1
6.67380787  0
6.74952546  1
6.74959491  0
6.75021991  1
6.75028935  0
