time_range  0.613  4.830
O20                   223.3             226              5
DIC0                 1252.3         1.5e+03            200
TA0                  1746.9        1.68e+03             20
P            8             400            0.3
  0.700          210.28
  1.370          303.58
  1.700          210.86
  2.370          300.32
  2.700          212.47
  3.370           297.9
  3.700          212.79
  4.370          298.32
R            10              40            0.3
  0.700          28.917
  0.830          20.848
  1.370          52.132
  1.830           19.43
  2.370          51.148
  2.830          19.144
  3.370          50.651
  3.830          20.102
  4.370          50.577
  4.830          20.664
kla1         5               3            0.4
  0.700          4.8661
  1.700          5.5051
  2.700          4.9631
  3.700          5.4495
  4.700          4.9208
km2          1             200           0.35
  2.780          148.55
PQd          1             0.4              1
  0.700         0.84739
PQn          1            0.66              1
  4.700         0.95537
NCd          1               0           0.25
  1.7        0.06
  2.7         0.06
  3.700        0.079474
O2_off           0.00026255               0              5
sg2_DA               39.631              20            0.3
sg2_O2               2.0859              50            0.3
sg2_pH            0.0092353            0.05            0.3
