0.613 226.2244722034723
0.6159305072967338 214.99840641502934
0.6188610145934677 211.48789792980477
0.6217915218902015 210.13097204269067
0.6247220291869353 207.82178391966679
0.6276525364836693 206.06898078170693
0.6305830437804031 201.744791838829
0.6319444444444444 206.42682425062065
0.6335135510771369 205.36385821347093
0.6364440583738707 203.94088146071087
0.6393745656706046 204.65644367099972
0.6423050729673384 203.5670091838625
0.6452355802640722 204.9583749518961
0.6481660875608061 205.86202982338486
0.65109659485754 204.86339080476242
0.6540271021542738 205.09848312695388
0.6569576094510077 204.56488504066215
0.6598881167477415 204.38233035221705
0.6628186240444753 203.72229933699677
0.6657491313412092 204.04917441071922
0.668679638637943 203.84309657800105
0.6716101459346768 206.19445074523395
0.6745406532314107 204.4812653229613
0.6774711605281445 205.4178165508902
0.6804016678248784 204.82549685278752
0.6833321751216123 205.18583174227385
0.6862626824183461 205.24699086672604
0.6891931897150799 205.97883136410024
0.6921236970118138 206.48917561785734
0.6950542043085476 204.17469934223053
0.6979847116052814 204.84952633682008
0.7009152189020152 203.48361326428875
0.7038457261987492 206.89245588643357
0.706776233495483 204.08676749091896
0.7097067407922169 205.5574600906172
0.7126372480889507 205.81479837667382
0.7152778175142076 204.39484950577946
0.7155677553856845 204.51467390872213
0.7184982626824183 203.59822467395378
0.7214287699791522 205.27110407150633
0.724359277275886 204.92591899662867
0.7272897845726198 203.77555556248336
0.7302202918693537 206.11168898270847
0.7331507991660876 205.0608508603582
0.7360813064628214 205.82191144517247
0.7390118137595553 204.56232588652807
0.7419423210562891 206.00058939848608
0.7448728283530229 205.34681690223434
0.7478033356497568 203.6135603993347
0.7507338429464906 205.3577968025007
0.7536643502432245 206.61000517644064
0.7565948575399584 205.3151274526884
0.7595253648366922 205.7211659409161
0.762455872133426 206.19026174619088
0.7653863794301599 206.18467877510767
0.7683168867268937 207.5096223347997
0.7712473940236275 208.06123214426768
0.7741779013203614 206.54241780996202
0.7771084086170952 205.64822321032915
0.780038915913829 207.0585589430927
0.7829694232105628 203.91825991434624
0.7858999305072968 207.59560761202692
0.7888304378040306 206.72861088758205
0.7917609451007644 206.02077336978215
0.7946914523974983 205.92550545527254
0.7976219596942321 206.25161864235534
0.798611130979326 205.9007094638027
0.8005524669909659 205.88217225852725
0.8034829742876998 205.98312529886982
0.8064134815844337 206.99623635281736
0.8093439888811675 205.62222248624494
0.8122744961779014 205.6143161988774
0.8152050034746352 207.29109885584668
0.818135510771369 206.03787995260672
0.8210660180681029 206.93976887794045
0.8239965253648367 203.8471057601204
0.8269270326615705 205.2530062808603
0.8298575399583044 206.01018847960464
0.8327880472550382 206.7350065196365
0.83341435 206.30864582476994
0.835718554551772 216.8841680291202
0.838649061848506 224.8646674583236
0.8415795691452398 232.78181621376146
0.8445100764419736 234.07552227554814
0.8474405837387075 236.2657780262004
0.8503710910354413 238.17735347595496
0.8533015983321751 238.70770576020703
0.8562321056289091 238.67602283641946
0.8591626129256429 238.36492445646456
0.8620931202223767 239.14358795489963
0.8650236275191105 238.7813120355267
0.8679541348158444 235.88760861116072
0.8708846421125782 237.9335095917342
0.873815149409312 237.6473458191764
0.875 240.16657189853586
0.8767456567060459 247.57094322162607
0.8796761640027797 262.3576830576107
0.8826066712995135 278.9299453678416
0.8855371785962474 296.2708803243092
0.8884676858929812 310.1102028403897
0.8888888888888888 311.693115359085
0.8913981931897151 287.8280834746553
0.894328700486449 266.431189190902
0.8972592077831828 255.48609941770061
0.9001897150799166 249.21915671033832
0.9031202223766505 244.2467809284174
0.9060507296733844 240.9934248483736
0.9089812369701182 240.00087228963267
0.9119117442668521 237.8297956162381
0.9148422515635859 239.07250120758962
0.9177727588603197 236.85843310168966
0.9207032661570536 238.77270215427262
0.9236337734537874 238.3833537290105
0.9265642807505212 236.47162915780817
0.929494788047255 237.35763393865108
0.9324252953439889 239.710596067535
0.9353558026407227 238.00495049879723
0.9382863099374565 237.8216707880795
0.9412168172341904 238.02097098841006
0.9441473245309243 237.9639070259852
0.9470778318276581 238.20679789102942
0.950008339124392 238.11301694989655
0.9529388464211258 238.0584697103781
0.9558693537178597 236.0906638349922
0.9583333730697632 238.37299037068027
0.9587998610145936 238.8414620856822
0.9617303683113274 253.3015073169433
0.9646608756080612 269.0480494592737
0.9675913829047951 286.43116221639156
0.9705218902015289 300.14665930031657
0.972222261958652 309.0575586225458
0.9734523974982627 294.2972426511033
0.9763829047949966 269.7128587706018
0.9793134120917304 256.5793914157717
0.9822439193884642 247.70492741075378
0.9851744266851981 244.11659423746408
0.9881049339819319 240.93937313540522
0.9910354412786657 238.70716211400946
0.9939659485753995 238.05188503685474
0.9968964558721335 236.66655014634827
0.9998269631688673 235.7536800184119
1.002757470465601 235.38145356661477
1.005687977762335 235.58476615522326
1.008618485059069 236.37405948754954
1.0115489923558028 236.35696531250534
1.0144794996525366 235.96845740504526
1.0174100069492704 237.0984069213036
1.0203405142460042 234.531369379966
1.023271021542738 232.94882125985896
1.026201528839472 234.18869380222552
1.0291320361362057 233.07260074722544
1.0320625434329396 234.76535919792204
1.0349930507296734 234.74090201728598
1.0379235580264072 233.98997678467418
1.040854065323141 235.11713059875663
1.0416666269302368 233.91322180125547
1.043784572619875 242.07695898597763
1.0467150799166087 255.51315318929827
1.0496455872133428 269.6468252513635
1.0525760945100764 281.31551072741365
1.0555066018068104 293.5251819093773
1.0555555158191257 292.32993465692726
1.058437109103544 267.7151179952234
1.061367616400278 254.19391830088108
1.064298123697012 243.1978855085641
1.0672286309937458 238.8353426311549
1.0701591382904796 234.86768130647428
1.0730896455872134 233.11916631602725
1.0760201528839473 232.33275873582463
1.078950660180681 230.81049093553204
1.081881167477415 230.32983445362012
1.0848116747741487 230.35805520126823
1.0877421820708826 229.8741490822285
1.0906726893676164 230.4664155963114
1.0936031966643502 230.74347513630534
1.096533703961084 230.5139427720071
1.0994642112578181 229.54104079570754
1.1023947185545517 229.0813119076343
1.1053252258512858 228.618310381239
1.1082557331480194 228.40772971635394
1.1111862404447534 229.02110848844694
1.114116747741487 226.7161661265176
1.117047255038221 228.54687574255817
1.119977762334955 227.2574924652803
1.1229082696316888 227.97921307373053
1.125 227.6656627971185
1.1258387769284226 229.083329891611
1.1287692842251564 239.3819280181412
1.1316997915218903 248.5046984850801
1.134630298818624 256.9538524512272
1.137560806115358 264.4990394868878
1.1388888888888888 267.900984452455
1.1404913134120918 259.17670718025994
1.1434218207088258 242.3222190187483
1.1463523280055594 237.08005085743162
1.1492828353022935 230.7189523161421
1.152213342599027 227.646401545226
1.1551438498957611 226.81093824876038
1.1580743571924947 224.28665245062052
1.1610048644892288 222.9772762986257
1.1639353717859624 224.20279823326987
1.1668658790826965 225.49359075205578
1.1697963863794303 224.58574561614267
1.1727268936761641 222.773522440363
1.175657400972898 223.721343609234
1.1785879082696318 225.72919741104548
1.1815184155663656 224.9732010579255
1.1844489228630994 222.34635103788494
1.1873794301598333 224.1271513775947
1.190309937456567 223.1315251205553
1.193240444753301 223.37867150685415
1.1961709520500348 224.1696133666046
1.1991014593467688 223.17488265649217
1.2020319666435024 220.95530606053626
1.2049624739402365 224.59426053649486
1.20789298123697 222.2770324268045
1.2083332538604736 221.6529581880927
1.2108234885337041 227.55868200086235
1.2137539958304377 236.52925020910936
1.2166845031271718 241.984391287738
1.2196150104239054 247.4602963750261
1.2222221427493625 254.8547442013287
1.2225455177206395 253.60243483099615
1.2254760250173733 239.55175427101938
1.2284065323141071 231.89236506504116
1.231337039610841 226.57591699546145
1.2342675469075748 223.98581362776721
1.2371980542043086 225.15294400715953
1.2401285615010424 223.6957243454037
1.2430590687977763 221.19865114762285
1.24598957609451 220.2205695557119
1.2489200833912442 220.94818092833484
1.2518505906879778 221.38290025515326
1.2547810979847118 221.97028191579247
1.2577116052814454 220.00067438661537
1.2606421125781795 220.6324169346055
1.263572619874913 219.30354834268752
1.2665031271716471 221.40018102228015
1.2694336344683808 221.3970463272935
1.2723641417651148 220.2057177458923
1.2752946490618486 219.79520068074018
1.2782251563585825 220.62894919032914
1.2811556636553163 221.22319507183727
1.2840861709520501 220.61279498191695
1.287016678248784 221.20663975898069
1.2899471855455178 218.46341019258153
1.2916666269302368 219.47183912632153
1.2928776928422516 222.49029278392868
1.2958082001389855 228.4376584100804
1.2987387074357195 233.01371034604477
1.3016692147324531 238.5239939879785
1.3045997220291872 242.50795320052126
1.3055555158191257 246.04643867687724
1.3075302293259208 237.108517813254
1.3104607366226548 229.52358186317468
1.3133912439193884 226.27448784432298
1.3163217512161225 225.40719465454387
1.319252258512856 219.773852588904
1.3221827658095902 219.33509622084236
1.325113273106324 220.50838099364753
1.3280437804030578 219.18658954227251
1.3309742876997916 218.9147256643879
1.3334838 219.78502694339056
1.3339047949965255 217.531053503076
1.3368353022932593 210.10448547555947
1.3397658095899931 207.46277190910592
1.342696316886727 206.34164616646513
1.3456268241834608 204.3398469566575
1.3485573314801946 205.11927536970418
1.3514878387769285 204.03779995418847
1.3544183460736625 202.95252185217728
1.3573488533703961 200.8604938307283
1.3602793606671302 201.29445266326553
1.3632098679638638 203.0643271426268
1.3661403752605978 203.18001880963115
1.3690708825573314 203.37703000934442
1.3720013898540655 202.05361527774176
1.374931897150799 202.90385790572964
1.375 200.72260043727186
1.3778624044475332 197.90125169486487
1.380792911744267 194.93442049637557
1.3819444444444444 193.3898634576539
1.3837234190410008 194.647221491831
1.3866539263377347 197.6185182032537
1.3895844336344685 199.23177052119524
1.3925149409312023 199.59695386269797
1.3954454482279361 200.8710649998043
1.39837595552467 203.48166065162266
1.4013064628214038 199.49481976534207
1.4042369701181379 201.9357106855208
1.4071674774148715 202.06630369068094
1.4100979847116055 203.94812262215063
1.4130284920083391 200.4841534740625
1.4159589993050732 203.23393365770787
1.4188895066018068 201.8755750428438
1.4218200138985408 203.18664929871053
1.4247505211952745 202.6416649215541
1.4276810284920085 202.45501204089803
1.4306115357887423 201.6462861262848
1.4335420430854762 203.8337192557939
1.43647255038221 201.9703376712111
1.4394030576789438 202.45998173305702
1.4423335649756777 202.993003818577
1.4452640722724115 202.10289952937075
1.4481945795691453 201.24337867243037
1.4511250868658792 201.9374236245743
1.4540555941626132 201.98389773254357
1.4569861014593468 202.43220214490768
1.4583332538604736 202.06291058887695
1.4599166087560809 199.7546893275277
1.4628471160528145 197.27440025250715
1.465277698304918 195.31712333701336
1.4657776233495485 195.3305537373325
1.4687081306462821 196.2665370337208
1.4716386379430162 199.73086893149625
1.4745691452397498 201.61050937095652
1.4774996525364839 202.59695551743516
1.4804301598332177 202.86211840520903
1.4833606671299515 202.42501288890207
1.4862911744266853 201.3347996667422
1.4892216817234192 203.95697557660148
1.492152189020153 202.42384504500703
1.4950826963168868 202.1834375239364
1.4980132036136207 202.66839343249669
1.5009437109103545 204.5446952262515
1.5038742182070883 203.1256322704574
1.5068047255038222 204.30803784035862
1.5097352328005562 202.80344498852708
1.5126657400972898 202.82624169307488
1.5155962473940239 203.30898453277862
1.5185267546907575 203.90537117687506
1.5214572619874915 204.5183477058094
1.5243877692842251 204.43870874326075
1.5273182765809592 201.69789289422053
1.5302487838776928 204.02457661335424
1.5331792911744269 203.19306445946
1.5361097984711607 202.65460097755044
1.5390403057678945 204.26557455172744
1.5416666269302368 201.10623512882327
1.5419708130646284 204.22822918135654
1.5449013203613622 199.86819771435736
1.547831827658096 199.72604685438924
1.5486110713746812 197.2028273944675
1.5507623349548298 199.32755384974394
1.5536928422515637 201.28817909399916
1.5566233495482975 201.21665817550488
1.5595538568450316 204.29789624643897
1.5624843641417652 202.37212804691686
1.5654148714384992 204.074030653392
1.5683453787352328 203.18610494688826
1.5712758860319669 203.39760234787929
1.5742063933287005 204.36575103970685
1.5771369006254345 203.99572969804592
1.5800674079221682 204.44608927925663
1.5829979152189022 202.93942686550443
1.585928422515636 202.0900702904517
1.5888589298123699 203.81038987480977
1.5917894371091037 203.58346807985384
1.5947199444058375 204.7357201875635
1.5976504517025714 203.46996407114474
1.6005809589993052 203.70278328187095
1.603511466296039 202.25067283984896
1.6064419735927729 202.0424679804814
1.609372480889507 204.26420163933653
1.6123029881862405 203.4746173317623
1.6152334954829743 205.57142727507593
1.6181640027797082 205.824639964611
1.621094510076442 203.7125619132565
1.624025017373176 205.24159671432963
1.625 203.1777590498716
1.62695552466991 201.54122733069048
1.6298860319666437 201.12506112373265
1.6319444444444444 202.02266417096044
1.6328165392633776 198.63386181643787
1.6357470465601114 201.27154446050528
1.6386775538568452 203.25036297421852
1.641608061153579 203.82338792097065
1.6445385684503129 205.31839813008108
1.6474690757470467 205.29682265165437
1.6503995830437805 204.94736172995772
1.6533300903405144 206.34988837440008
1.6562605976372482 206.77679857365635
1.659191104933982 204.31471298341367
1.6621216122307159 205.1017997806844
1.6650521195274497 205.93550290533219
1.6679826268241835 205.99971284647353
1.6709131341209174 205.86414008095159
1.6738436414176514 204.80521914579688
1.6767741487143852 204.37382525932185
1.679704656011119 204.22778557547934
1.682635163307853 204.0021892580887
1.6855656706045867 204.76848600106413
1.6884961779013206 205.3322641792766
1.6914266851980544 204.5439668847067
1.6943571924947882 205.8750524296914
1.697287699791522 206.73196411068625
1.7002182070882559 205.38056766769296
1.7031487143849897 206.09912868343093
1.7060792216817235 205.02664983465132
1.7083332538604736 206.12186995931006
1.7090097289784574 203.09976816024985
1.7119402362751912 202.7518049979729
1.714870743571925 203.18848305133972
1.715277698304918 202.07734926186527
1.7178012508686589 204.2775456044825
1.7207317581653927 204.85570141719296
1.7236622654621265 206.49155017278673
1.7265927727588606 205.16488552185996
1.7295232800555944 207.32626433294416
1.7324537873523282 205.67670942798557
1.735384294649062 204.74549679240405
1.738314801945796 205.41278664993112
1.7412453092425297 204.9989755605292
1.7441758165392636 205.81440602677336
1.7471063238359974 206.44217791695715
1.7500368311327312 208.90571726865574
1.752967338429465 206.04624191726631
1.755897845726199 203.91034224544046
1.7588283530229327 206.66845368543744
1.7617588603196666 206.78971375260696
1.7646893676164004 206.8454141456002
1.7676198749131342 208.80742370515136
1.770550382209868 206.1218793930362
1.7734808895066019 207.43646177907138
1.7764113968033357 206.68192294264998
1.7793419041000698 207.01799415055945
1.7822724113968036 204.6007707626075
1.7852029186935374 206.9286682883314
1.7881334259902713 209.52880213083125
1.791063933287005 210.6118605697945
1.7916666269302368 209.92638685202243
1.793994440583739 211.19910070329257
1.7969249478804727 207.11128228201684
1.7986110713746812 208.00989987652466
1.7998554551772066 207.65857601663177
1.8027859624739404 207.366385188258
1.8057164697706742 205.69758153483536
1.808646977067408 207.40600942201743
1.811577484364142 208.02691350151497
1.8145079916608757 207.663343874506
1.8174384989576096 205.85198560940074
1.8203690062543434 205.70061134817203
1.8232995135510772 207.87558058203325
1.826230020847811 207.2271508214362
1.829160528144545 205.63257316926928
1.832091035441279 204.95523375394473
1.83355324 206.9876477752786
1.8350215427380128 213.81177288859794
1.8379520500347466 223.91052752459734
1.8408825573314804 228.42718013463028
1.8438130646282143 230.7716271378308
1.846743571924948 233.29596840207756
1.849674079221682 232.41141874915138
1.8526045865184158 235.30257910840507
1.8555350938151496 233.21575429352862
1.8584656011118834 234.9625715732821
1.8613961084086172 234.36593574214558
1.864326615705351 234.32365351011592
1.867257123002085 234.11856456069364
1.8701876302988187 234.3468066768635
1.8731181375955526 235.6906622006974
1.875 234.30281831113334
1.8760486448922864 239.7422811917627
1.8789791521890202 253.74931180603707
1.8819096594857543 268.94223876413656
1.8819444444444444 267.0814566023057
1.8848401667824881 252.88700171547703
1.887770674079222 244.85791694428644
1.8907011813759558 240.0071157403108
1.8936316886726896 238.86063706877727
1.8965621959694234 234.92260650627443
1.8994927032661573 235.42981637801813
1.902423210562891 235.63761096876516
1.905353717859625 234.80419775944722
1.9082842251563588 234.01600283757747
1.9112147324530926 234.80647600380826
1.9141452397498264 232.7536212366817
1.9170757470465603 231.76814616152447
1.920006254343294 234.08045899722953
1.922936761640028 234.25621950219127
1.9258672689367617 234.90760566419928
1.9287977762334956 234.1449632293641
1.9317282835302294 236.12243058772248
1.9346587908269635 233.67489721236254
1.9375892981236973 235.24449297415094
1.9405198054204311 234.46348867724979
1.943450312717165 232.8022727429622
1.9463808200138988 234.79392400749893
1.9493113273106326 235.0580898303162
1.9522418346073664 234.21326763795236
1.9551723419041003 235.33235049011756
1.958102849200834 232.13862165126844
1.9583332538604736 233.6541756871517
1.961033356497568 249.6296182952755
1.9639638637943018 261.9547934589932
1.965277698304918 269.29820460323873
1.9668943710910356 259.3542345734755
1.9698248783877694 247.37487330979928
1.9727553856845033 241.30678434202864
1.975685892981237 237.57384609783426
1.978616400277971 237.45231317627835
1.9815469075747048 235.9907666986379
1.9844774148714388 234.39566798549382
1.9874079221681726 235.23825028087128
1.9903384294649065 233.83596101048943
1.9932689367616403 234.18142268763327
1.9961994440583741 231.99449383020703
1.999129951355108 232.45062274537358
2.002060458651842 233.61291824975345
2.0049909659485756 232.62620632253586
2.0079214732453092 232.8466094745774
2.0108519805420433 235.71976516829048
2.0137824878387773 232.35849359177286
2.016712995135511 233.80207506481432
2.0196435024322446 234.76423097056397
2.0225740097289786 233.46440386374064
2.0255045170257127 232.8275287593373
2.0284350243224463 233.13514381186806
2.03136553161918 232.5671828388444
2.034296038915914 231.3193419417789
2.037226546212648 232.33105894805428
2.0401570535093816 233.67114856575154
2.0416667461395264 230.8550315120664
2.0430875608061156 239.24048496460242
2.0460180681028497 253.25287587966838
2.048611190583971 266.5323381459095
2.0489485753995833 264.05993418355945
2.051879082696317 249.01550951957327
2.054809589993051 240.342638912772
2.057740097289785 236.38194898295433
2.0606706045865186 235.50282957219133
2.0636011118832522 233.6918002691132
2.0665316191799863 232.11181259348083
2.0694621264767203 233.78179345422043
2.072392633773454 232.41478440192088
2.0753231410701876 230.80149484959526
2.0782536483669216 231.44304092797375
2.0811841556636557 232.25940149603943
2.0841146629603893 231.4416249030028
2.087045170257123 230.73301839649753
2.0899756775538574 231.17499593394993
2.092906184850591 231.10798031060295
2.0958366921473246 230.27515035419646
2.0987671994440587 226.9245375707254
2.1016977067407927 231.69384773847364
2.1046282140375263 231.55307709653115
2.10755872133426 230.41573547822998
2.110489228630994 228.9994108645292
2.113419735927728 230.80432125195367
2.1163502432244616 229.46457593078284
2.1192807505211952 231.86948740232307
2.1222112578179293 229.47829086389527
2.125 228.77901783739037
2.1251417651146634 228.8798362242864
2.128072272411397 239.82174753369543
2.1310027797081306 252.679944703118
2.1319444444444446 257.39494537468175
2.1339332870048646 247.2395564517155
2.1368637943015987 237.5864416265027
2.1397943015983323 232.7540706502163
2.1427248088950663 233.1787209019325
2.1456553161918004 228.68130547530302
2.148585823488534 228.070837052376
2.1515163307852676 227.878666258646
2.1544468380820017 229.3791124385832
2.1573773453787357 226.51370074191917
2.1603078526754693 227.92510837816795
2.163238359972203 226.04437817309162
2.166168867268937 226.3194638699026
2.169099374565671 226.82804175787822
2.1720298818624046 228.3220037862327
2.1749603891591383 226.51118085395098
2.1778908964558723 224.36150264808813
2.1808214037526064 227.29274151402325
2.18375191104934 225.8808889138585
2.1866824183460736 223.49630774993102
2.1896129256428076 226.01179748482846
2.1925434329395417 224.18543664968175
2.1954739402362753 224.8734597685985
2.1984044475330093 226.54352195580293
2.2013349548297434 225.5545058365842
2.204265462126477 225.94400738228342
2.2071959694232106 226.15023202710668
2.2083334922790527 225.04229396064676
2.2101264767199447 230.1783247048395
2.2130569840166787 238.72456400560222
2.2152779367234974 246.63400665213484
2.2159874913134123 243.59961552338171
2.218917998610146 235.70572594983992
2.22184850590688 232.11603725934313
2.224779013203614 227.64042423186888
2.2277095205003477 225.38965644780583
2.2306400277970813 226.20678818730656
2.2335705350938153 224.52478381748094
2.2365010423905494 224.50999139066053
2.239431549687283 221.69757920931465
2.2423620569840166 223.40649063059033
2.245292564280751 223.80943299201215
2.2482230715774847 225.21165221150494
2.2511535788742183 224.6549483604665
2.2540840861709524 222.9014091747344
2.2570145934676864 223.24470785372512
2.25994510076442 224.09793819681255
2.2628756080611536 223.79525142569295
2.2658061153578877 223.23153557870043
2.2687366226546217 219.43961083147587
2.2716671299513553 221.4065320663786
2.274597637248089 223.43633857300276
2.277528144544823 221.2393536981015
2.280458651841557 223.29670460053626
2.2833891591382907 221.2627228221676
2.2863196664350243 222.8178841256564
2.2892501737317583 221.98174514184447
2.2916667461395264 221.68657462677177
2.2921806810284924 223.6768850063253
2.295111188325226 230.69221464020973
2.29804169562196 237.8916937761748
2.298611190583971 239.8309961298699
2.300972202918694 231.26722871942616
2.3039027102154277 228.65406719276874
2.3068332175121613 223.1668599353647
2.3097637248088954 224.22343994294988
2.3126942321056294 220.48845200226106
2.315624739402363 221.75118030309469
2.3185552466990966 221.08553062649128
2.3214857539958307 220.64045477477015
2.3244162612925647 220.87987873476274
2.3273467685892983 221.60840336677063
2.330277275886032 221.44351532460672
2.333207783182766 220.380484557447
2.33362269 221.2158564967768
2.3361382904795 213.40057115259162
2.3390687977762337 208.4067924204049
2.3419993050729673 206.3765623194633
2.3449298123697013 205.5289983957591
2.3478603196664354 202.70911307006966
2.350790826963169 202.83169385937757
2.353721334259903 203.44704177343795
2.356651841556637 203.13930717685108
2.3595823488533707 203.32414007701115
2.3625128561501043 204.28840234574676
2.3654433634468384 202.9596116125944
2.3683738707435724 204.88563873029318
2.371304378040306 202.75228946481613
2.3742348853370396 203.5005573251313
2.375 203.00305773201936
2.3771653926337737 200.86710651831652
2.3800958999305077 197.67061895522983
2.3819444444444446 194.11370045577863
2.3830264072272414 195.26881937738364
2.385956914523975 197.55960369325504
2.388887421820709 201.05213656982258
2.391817929117443 202.03193386965373
2.3947484364141767 201.981462872183
2.3976789437109103 200.96637911352792
2.400609451007645 202.72455135018944
2.4035399583043784 201.70451887439984
2.406470465601112 203.26110870524548
2.409400972897846 203.97290956453733
2.41233148019458 201.6235987638373
2.4152619874913137 202.06472009029272
2.4181924947880473 201.97965163105485
2.4211230020847814 201.46073498523748
2.4240535093815154 204.7198240222659
2.426984016678249 202.8574751506897
2.4299145239749826 205.08623940719326
2.4328450312717167 203.02252017157645
2.4357755385684507 203.1068091554245
2.4387060458651844 203.34353884132676
2.441636553161918 204.6215168645322
2.444567060458652 202.17396704835596
2.447497567755386 202.1518873966829
2.4504280750521197 204.2166283490192
2.4533585823488537 203.817833907955
2.456289089645588 200.4540999147439
2.4583334922790527 203.1800156657413
2.4592195969423214 203.0339928219973
2.462150104239055 198.16808507181196
2.465080611535789 195.63360931361538
2.4652779367234974 194.86995936410847
2.468011118832523 199.41346555334408
2.4709416261292567 201.73541062058024
2.4738721334259903 201.78711111985479
2.4768026407227244 203.4292535216712
2.4797331480194584 204.87307579748955
2.482663655316192 203.99008278650902
2.4855941626129257 202.65978011865803
2.4885246699096597 202.5793110651363
2.4914551772063938 202.03465452490437
2.4943856845031274 202.60597156220882
2.497316191799861 205.0749725044019
2.500246699096595 204.5744942974175
2.503177206393329 204.87514793182598
2.5061077136900627 203.43426849816618
2.5090382209867967 203.31714370453486
2.511968728283531 204.56052006980715
2.5148992355802644 204.63662662259927
2.517829742876998 203.80684270107542
2.520760250173732 203.89044268762916
2.523690757470466 203.69248577037254
2.5266212647671997 203.1184541623264
2.5295517720639333 205.65585861875573
2.5324822793606674 204.90748160561736
2.5354127866574014 203.81568058634574
2.538343293954135 203.62197226193769
2.5412738012508687 203.44676652857316
2.5416667461395264 204.35322458215867
2.5442043085476027 201.35295322355967
2.5471348158443368 196.89867050873755
2.548611190583971 196.98289056134743
2.5500653231410704 198.70924432690106
2.552995830437804 199.73421124042866
2.5559263377345385 201.9880433293127
2.558856845031272 202.64558542600605
2.5617873523280057 202.94565862344362
2.5647178596247397 202.61632435935977
2.567648366921474 205.2208768561223
2.5705788742182074 206.53366402659697
2.573509381514941 204.65907858132857
2.576439888811675 203.15304699140682
2.579370396108409 205.67823330424898
2.5823009034051427 204.02839162545837
2.5852314107018763 202.40517061295742
2.5881619179986104 204.62956736276965
2.5910924252953444 203.64534996785824
2.594022932592078 203.99372952565506
2.5969534398888117 204.84619693726808
2.5998839471855457 204.3207011274108
2.6028144544822798 205.31346866265568
2.6057449617790134 205.37820262556008
2.6086754690757474 205.26435426477494
2.6116059763724815 202.0974756821739
2.614536483669215 206.329451129746
2.6174669909659487 205.41944489747235
2.6203974982626828 203.87065750784717
2.6233280055594164 205.77708122688045
2.625 204.91680350821443
2.6262585128561504 203.2497579803012
2.629189020152884 204.45286656288
2.6319444444444446 198.72216457014824
2.632119527449618 200.35231215607453
2.635050034746352 201.93595207097698
2.6379805420430857 203.18742985210383
2.64091104933982 204.72446052481743
2.6438415566365534 204.06057242727442
2.6467720639332875 206.32378389740867
2.649702571230021 205.80187553696646
2.652633078526755 204.43966027709354
2.6555635858234887 207.7969476603567
2.658494093120223 205.01410459127067
2.6614246004169564 205.7973484152609
2.6643551077136904 205.18212763565694
2.667285615010424 206.0042625725028
2.670216122307158 205.28191450577265
2.6731466296038917 205.3114220320664
2.6760771369006258 204.13905695283503
2.6790076441973594 205.0647359726745
2.6819381514940934 205.5134487233754
2.6848686587908275 206.35036991655042
2.687799166087561 205.7074196156918
2.690729673384295 205.2815928576416
2.6936601806810287 204.79053295272186
2.696590687977763 205.1680335585119
2.6995211952744964 206.51849761736852
2.7024517025712305 205.43715572956472
2.705382209867964 206.83282409777428
2.708312717164698 206.57413586066647
2.7083334922790527 203.9841110936596
2.7112432244614317 202.49808539778314
2.714173731758166 199.07525149613642
2.7152779367234974 201.95863364220148
2.7171042390548994 201.41049738672606
2.7200347463516334 204.53582026733832
2.722965253648367 204.37307155032477
2.725895760945101 203.9677639868628
2.7288262682418347 205.2502804247384
2.7317567755385688 206.68685134860112
2.734687282835303 205.4332285809972
2.7376177901320364 205.92912876718643
2.7405482974287705 206.48624706323588
2.743478804725504 205.8002539087929
2.746409312022238 205.7863561554224
2.7493398193189718 206.1380557288987
2.752270326615706 208.22861015465884
2.7552008339124394 207.2092960012187
2.7581313412091735 205.61795486718745
2.761061848505907 206.58705777113465
2.763992355802641 205.68856085517248
2.7669228630993747 205.46228450033013
2.769853370396109 207.12094239333393
2.7727838776928424 204.60114020353112
2.7757143849895765 205.69144796109015
2.77864489228631 206.5135281972479
2.781575399583044 203.96154527693423
2.7845059068797777 207.77952372749795
2.787436414176512 205.5130576748966
2.790366921473246 207.46520532949083
2.7916667461395264 205.3744831235445
2.7932974287699794 206.5029819615041
2.7962279360667135 208.21095491183038
2.798611190583971 208.49361987740124
2.799158443363447 209.0624967804173
2.802088950660181 206.82746314345863
2.8050194579569148 207.75705017761166
2.807949965253649 207.37357618672388
2.8108804725503824 207.27300948834855
2.8138109798471165 206.48456582385393
2.81674148714385 207.34652692787498
2.819671994440584 207.7170437101052
2.8226025017373177 206.22575002538142
2.825533009034052 205.69921405658891
2.8284635163307854 205.74560112280716
2.8313940236275195 206.0758614361258
2.83355324 208.2462865189392
2.834324530924253 210.00034884634744
2.837255038220987 219.4414217131848
2.840185545517721 226.23430944730197
2.843116052814455 233.6300941746625
2.846046560111189 232.22684223281342
2.8489770674079224 235.18193276840464
2.8519075747046565 235.46483022699368
2.85483808200139 234.1568400369186
2.857768589298124 238.47977387046905
2.8606990965948578 238.29975198828495
2.863629603891592 236.8271219845024
2.8665601111883254 236.75588829924658
2.8694906184850595 235.91289155339777
2.872421125781793 237.09080150004044
2.875 238.41950314185152
2.875351633078527 238.2410054242641
2.8782821403752608 253.09182727030839
2.881212647671995 269.714432234726
2.8819444444444446 271.1190142459074
2.8841431549687284 260.6801590414735
2.8870736622654625 250.38754389275502
2.8900041695621965 245.35343760349232
2.89293467685893 242.14783390097253
2.895865184155664 241.33074821668407
2.898795691452398 238.63495763253826
2.901726198749132 240.24780995371313
2.9046567060458655 239.6746293642369
2.9075872133425995 238.6303687397614
2.910517720639333 235.38070419932484
2.913448227936067 237.34508491357408
2.916378735232801 237.58493529427236
2.919309242529535 235.15859018056995
2.9222397498262684 237.24194139537175
2.9251702571230025 237.93092558799665
2.928100764419736 235.5164483160017
2.93103127171647 237.28624454449078
2.9339617790132038 235.828122675235
2.936892286309938 237.50563378568893
2.9398227936066714 236.46964711590357
2.9427533009034055 237.653961179748
2.9456838082001395 236.39152829042231
2.948614315496873 237.73685750153234
2.951544822793607 237.3246866173664
2.954475330090341 237.2799286040097
2.957405837387075 236.23743349892763
2.9583334922790527 236.75409988213426
2.9603363446838085 248.73323850600454
2.9632668519805425 261.68740241916737
2.9652779367234974 271.6514288044086
2.966197359277276 267.10330956969085
2.96912786657401 254.76870879509534
2.972058373870744 248.49726526483076
2.974988881167478 243.44174790140315
2.9779193884642114 240.52830699814345
2.9808498957609455 238.00857508551334
2.983780403057679 238.0916749683177
2.986710910354413 236.31267838695896
2.9896414176511468 237.3056042720548
2.992571924947881 236.46152549262922
2.995502432244615 235.03648039763905
2.9984329395413485 236.7953844627827
3.0013634468380825 236.21692850866637
3.004293954134816 236.17693153755522
3.00722446143155 235.70214612698678
3.010154968728284 235.11981224286305
3.013085476025018 235.41334990863618
3.0160159833217515 235.61641448288205
3.0189464906184855 233.78436423213944
3.021876997915219 233.66267907926624
3.024807505211953 235.44866556489808
3.027738012508687 234.20656953058275
3.030668519805421 235.50215977743247
3.0335990271021545 234.2753249280137
3.0365295343988885 234.53400611270817
3.039460041695622 233.04870789146676
3.0416667461395264 233.46126045254837
3.042390548992356 239.28207652227374
3.0453210562890902 255.0967142585019
3.048251563585824 266.40427856817354
3.048611190583971 267.4206071050897
3.051182070882558 254.87365085037794
3.0541125781792915 248.705519694973
3.0570430854760255 241.4614852282662
3.059973592772759 239.97733979437044
3.062904100069493 237.11813646470605
3.065834607366227 234.11643082251095
3.068765114662961 234.32901877987672
3.0716956219596945 235.8066914969205
3.0746261292564285 235.69748480636719
3.077556636553162 236.29814631828637
3.080487143849896 232.70824886461168
3.08341765114663 235.1702670452771
3.086348158443364 233.83170024460574
3.0892786657400975 232.4811602939264
3.0922091730368315 234.7737343724491
3.095139680333565 233.27563607856754
3.098070187630299 231.46583854765979
3.1010006949270332 232.56660782993117
3.103931202223767 232.7053258265337
3.106861709520501 229.7233343891829
3.1097922168172345 232.59171700566105
3.1127227241139686 232.75902788004515
3.115653231410702 231.92360965781538
3.118583738707436 233.48635705030267
3.12151424600417 231.01455048447198
3.124444753300904 230.97297936134476
3.125 231.58268551950079
3.1273752605976375 238.62140795151515
3.1303057678943715 251.14866024544497
3.1319444444444446 257.0740120939274
3.133236275191105 251.49889806690206
3.136166782487839 242.66903030332116
3.139097289784573 240.17786848383267
3.142027797081307 235.0478142437017
3.1449583043780405 230.66431992089358
3.1478888116747745 230.61672434591188
3.1508193189715086 228.62024219121872
3.153749826268242 229.13440001695784
3.1566803335649762 228.04491130636876
3.15961084086171 228.42852669508505
3.162541348158444 227.45193724026825
3.1654718554551775 226.38034387177626
3.1684023627519116 226.96282959337543
3.171332870048645 228.40566603966417
3.1742633773453792 228.55772880825663
3.177193884642113 227.22893023340112
3.180124391938847 227.45806831975415
3.1830548992355805 225.91680697163585
3.1859854065323145 225.50646939690682
3.188915913829048 225.86367981210876
3.191846421125782 227.15134467119356
3.194776928422516 226.3634923085198
3.19770743571925 228.3579896485156
3.200637943015984 226.3645828865255
3.2035684503127175 225.38779298602793
3.2064989576094516 227.04495284355565
3.2083334922790527 225.96187937767047
3.209429464906185 228.57224603225316
3.2123599722029192 237.72675829130816
3.2152779367234974 245.45442331610877
3.215290479499653 247.5257883335459
3.218220986796387 236.6081568369153
3.2211514940931205 230.89054076541294
3.2240820013898546 229.64737491841933
3.227012508686588 228.74505452342123
3.2299430159833222 226.87544789916026
3.232873523280056 224.49485492528333
3.23580403057679 223.80162936927212
3.2387345378735235 224.76045197886367
3.2416650451702576 224.189010117605
3.244595552466991 225.2882305518118
3.247526059763725 224.92751972179954
3.250456567060459 224.0548121848149
3.253387074357193 224.18749764872138
3.256317581653927 224.46069637765112
3.2592480889506605 222.1225809466631
3.2621785962473946 221.3399920383926
3.265109103544128 222.2004933963102
3.2680396108408623 222.12796749656016
3.270970118137596 224.0610038114166
3.27390062543433 223.13315292395137
3.2768311327310635 223.31680841611623
3.2797616400277976 222.40340299089434
3.282692147324531 222.73705721369438
3.2856226546212652 222.82599177210898
3.288553161917999 223.22618440304788
3.291483669214733 220.08411478963316
3.2916667461395264 222.55812820027094
3.2944141765114665 229.567101630698
3.2973446838082006 235.09940150029632
3.298611190583971 241.95653199887207
3.300275191104934 233.80860266481181
3.3032056984016682 228.92381278351738
3.3061362056984023 224.79539851335716
3.309066712995136 224.22937028346342
3.31199722029187 221.71480640856294
3.3149277275886035 222.2626865402269
3.3178582348853376 222.4498909271265
3.320788742182071 220.81017834491686
3.3237192494788053 220.21907279892844
3.326649756775539 220.81989387163983
3.329580264072273 220.9170142906543
3.3325107713690065 223.0878990883191
3.33341435 220.76987744180866
3.3354412786657406 213.72914393941434
3.338371785962474 208.71361006149417
3.3413022932592082 206.94001409203503
3.344232800555942 203.82600712316932
3.347163307852676 204.82978210003108
3.3500938151494095 202.1446385520847
3.3530243224461436 201.6074592361902
3.3559548297428776 203.12394224236195
3.3588853370396112 202.20569708266513
3.3618158443363453 202.45708971410775
3.364746351633079 201.46824572512517
3.367676858929813 203.2121049148582
3.3706073662265466 204.15784247220031
3.3735378735232806 201.26638937500562
3.375 202.24909973331074
3.376468380820014 199.65167037273577
3.3793988881167483 197.93634468444984
3.3819444444444446 193.673041021268
3.382329395413482 195.40479975468438
3.385259902710216 199.0267928545901
3.3881904100069495 199.94275168962508
3.3911209173036836 200.98773767928333
3.394051424600417 200.73990285208077
3.3969819318971513 201.2279274799451
3.399912439193885 200.320765731364
3.402842946490619 201.98626637060448
3.4057734537873525 202.24336081778978
3.4087039610840866 202.4772014192158
3.4116344683808206 202.45171470278575
3.4145649756775542 203.34818241394623
3.4174954829742883 202.07172555563355
3.420425990271022 201.7592356074409
3.423356497567756 201.6674388003626
3.4262870048644896 202.57523693902664
3.4292175121612236 203.79191872470292
3.4321480194579572 203.64256603012123
3.4350785267546913 202.2670935108777
3.438009034051425 200.34111350333794
3.440939541348159 202.44414849475191
3.4438700486448925 203.23473473761405
3.4468005559416266 201.52410018701266
3.44973106323836 202.71900854378129
3.4526615705350943 203.78901559766845
3.455592077831828 203.99925049659788
3.4583334922790527 203.12297800134357
3.458522585128562 200.95151787216963
3.461453092425296 200.4736787618858
3.4643835997220296 195.08814815218452
3.4652779367234974 194.6322030138426
3.4673141070187636 195.85242518164955
3.4702446143154972 199.48936236954484
3.4731751216122313 199.8029019191748
3.476105628908965 202.3372041126164
3.479036136205699 202.12839490586563
3.4819666435024326 204.12149292635658
3.4848971507991666 202.53972959609277
3.4878276580959002 204.54870300734052
3.4907581653926343 202.46303223461152
3.493688672689368 202.7985945308724
3.496619179986102 203.80405425934205
3.4995496872828356 202.20884503780897
3.5024801945795696 205.05906544818558
3.505410701876303 202.18762003328004
3.5083412091730373 204.6889756824938
3.5112717164697713 202.95651752205532
3.514202223766505 203.83552311763606
3.517132731063239 200.5833454687219
3.5200632383599726 203.43884294138178
3.5229937456567066 203.8088102215938
3.5259242529534403 204.30751087144927
3.5288547602501743 203.5588811463802
3.531785267546908 202.90577756399654
3.534715774843642 203.69882909998074
3.5376462821403756 203.80584172828316
3.5405767894371096 203.37054422936606
3.5416667461395264 201.95077156372534
3.5435072967338432 200.63703699525124
3.5464378040305773 197.98345184983134
3.548611190583971 196.81073930837306
3.549368311327311 197.15307247126623
3.552298818624045 199.15473648041163
3.5552293259207786 200.5233023755036
3.5581598332175126 203.67674046470145
3.561090340514246 203.44392863139774
3.5640208478109803 202.65480028024933
3.5669513551077143 203.78320068951916
3.569881862404448 203.35758584292165
3.572812369701182 204.2632944736548
3.5757428769979156 203.61201968820708
3.5786733842946497 202.51588390024006
3.5816038915913833 203.90229655950245
3.5845343988881173 204.88543694512828
3.587464906184851 202.95335333857767
3.590395413481585 203.2995274451566
3.5933259207783186 204.62400354357592
3.5962564280750526 204.1653055176974
3.5991869353717862 205.3274653826968
3.6021174426685203 203.58392030531712
3.605047949965254 202.68182799937674
3.607978457261988 203.82847835719326
3.6109089645587216 203.64289776505527
3.6138394718554556 204.3487818559675
3.6167699791521897 204.26736919172896
3.6197004864489233 205.64978758718465
3.6226309937456573 203.60166243467594
3.625 203.81593111605886
3.625561501042391 202.70914132454357
3.628492008339125 202.81627020850235
3.6314225156358586 198.47205940461407
3.6319444444444446 197.8075538123626
3.6343530229325927 202.75006377561394
3.6372835302293263 201.0679236894279
3.6402140375260603 204.84602595573958
3.643144544822794 204.8490662263692
3.646075052119528 202.2531895376364
3.6490055594162616 203.84267069100355
3.6519360667129956 205.4260399204881
3.6548665740097293 204.58552921794112
3.6577970813064633 205.55658646230685
3.660727588603197 204.82467749368354
3.663658095899931 205.51773818496312
3.666588603196665 205.53120692614274
3.6695191104933986 206.3838524461485
3.6724496177901327 205.4609114481515
3.6753801250868663 205.57652507808575
3.6783106323836003 206.02250433556054
3.681241139680334 206.21498952575803
3.684171646977068 204.09370031488555
3.6871021542738016 205.5094454648241
3.6900326615705357 206.1644609469989
3.6929631688672693 204.9749749740667
3.6958936761640033 206.4310563379118
3.698824183460737 205.84857901340692
3.701754690757471 206.36335159864717
3.7046851980542046 204.15973652263622
3.7076157053509387 207.42632828269976
3.7083334922790527 205.49363961312412
3.7105462126476723 205.8645413059397
3.7134767199444063 203.35061211472816
3.7152779367234974 198.84124375336802
3.71640722724114 201.85378773909449
3.719337734537874 201.52168551732018
3.722268241834608 205.26888330166042
3.7251987491313416 206.39605654282053
3.7281292564280757 205.33121089341898
3.7310597637248093 205.2628170743765
3.7339902710215434 204.36802903704063
3.736920778318277 205.24456965474891
3.739851285615011 204.47501437532247
3.7427817929117446 207.86778700929042
3.7457123002084787 205.7802593154995
3.7486428075052123 206.25889929999744
3.7515733148019463 206.18662580761332
3.75450382209868 205.79645769931244
3.757434329395414 207.185469315767
3.7603648366921476 207.51343443923375
3.7632953439888817 207.29022223762638
3.7662258512856153 207.136366946305
3.7691563585823493 209.53647347006577
3.7720868658790834 208.2269090158151
3.775017373175817 208.8357037903891
3.777947880472551 208.7694148481083
3.7808783877692846 206.84216923703588
3.7838088950660187 208.45241856124144
3.7867394023627523 206.93185896966622
3.7896699096594864 207.61254872279315
3.7916667461395264 205.73662181066425
3.79260041695622 206.46664048958826
3.795530924252954 204.31154860856932
3.7984614315496876 202.28471291408167
3.798611190583971 201.77665300917496
3.8013919388464217 204.28250405985733
3.8043224461431553 206.21127201124278
3.8072529534398893 204.96708847007767
3.810183460736623 206.54787711143388
3.813113968033357 208.2016557883475
3.8160444753300906 206.75984989465178
3.8189749826268247 205.96105845032002
3.8219054899235587 205.44780090831964
3.8248359972202923 206.3131652590083
3.8277665045170264 207.35569569448353
3.83069701181376 207.3933029241852
3.8334838 207.80779038998983
3.833627519110494 208.28381579886351
3.8365580264072277 219.32068768945126
3.8394885337039617 226.28396853308044
3.8424190410006953 229.2314911676302
3.8453495482974294 230.42412787869193
3.848280055594163 232.3502682546937
3.851210562890897 232.1724839377233
3.8541410701876306 232.19203077402332
3.8570715774843647 235.240502320998
3.8600020847810983 235.084248066607
3.8629325920778323 233.3210645458731
3.865863099374566 233.81445648688245
3.8687936066713 231.37204416596637
3.8717241139680336 233.52420177871335
3.8746546212647677 235.62260084390317
3.875 233.2372151921351
3.8775851285615017 246.81269664197393
3.8805156358582353 260.37853323738113
3.8819444444444446 267.08988370158846
3.8834461431549694 257.7993495567546
3.886376650451703 246.66106222557036
3.889307157748437 240.7105646830874
3.8922376650451707 237.25336778800386
3.8951681723419047 235.98712440970417
3.8980986796386383 235.14689398062262
3.9010291869353724 235.39394560367197
3.903959694232106 235.44283904256778
3.90689020152884 233.68791714874203
3.9098207088255736 234.36742575277552
3.9127512161223077 232.16940451240802
3.9156817234190413 232.4058188089269
3.9186122307157754 232.85441858581143
3.921542738012509 231.43462412093245
3.924473245309243 234.12763634235193
3.927403752605977 231.8562079193804
3.9303342599027107 231.79389678097564
3.9332647671994447 233.2110292818879
3.9361952744961783 234.85061550388562
3.9391257817929124 235.53998665999097
3.942056289089646 232.98241567091398
3.94498679638638 234.3704982745207
3.9479173036831137 231.93567526113267
3.9508478109798477 234.29474464501732
3.9537783182765813 234.4851565567229
3.9567088255733154 231.01169961944086
3.9583334922790527 233.0027351666722
3.959639332870049 240.6807898347202
3.962569840166783 253.57939031451832
3.9652779367234974 266.1891018928807
3.9655003474635167 265.27276519312966
3.9684308547602507 252.14221214995055
3.9713613620569843 242.7559712896413
3.9742918693537184 238.6876062475691
3.9772223766504524 236.14300054874664
3.980152883947186 233.11709316683707
3.98308339124392 234.0126581850152
3.9860138985406537 232.59426000491496
3.9889444058373877 233.91086370869155
3.9918749131341213 233.7504639044662
3.9948054204308554 233.38357181510867
3.997735927727589 232.4642936871319
4.000666435024323 233.39472940298756
4.003596942321057 233.31778959925498
4.00652744961779 232.06923301377165
4.009457956914524 232.44436407213027
4.012388464211258 233.26110694633692
4.015318971507992 231.92485193721035
4.0182494788047265 233.1186244388445
4.02117998610146 231.90021686727604
4.024110493398194 229.86041555920065
4.027041000694927 231.3718564576506
4.029971507991661 233.53377050072683
4.032902015288395 231.66336813584434
4.035832522585129 231.32837304711566
4.0387630298818635 232.2023701317423
4.041666507720947 231.28503850889902
4.041693537178597 233.05770011075373
4.044624044475331 245.07000558575703
4.047554551772064 259.41685382535
4.048610952165392 263.32134975261175
4.050485059068798 253.7711059523064
4.053415566365532 242.16795386226693
4.056346073662266 238.23982108807078
4.059276580959 235.19708066831927
4.062207088255734 232.2206927309399
4.065137595552468 233.79505924384168
4.068068102849201 231.78766189325245
4.070998610145935 231.272386332752
4.073929117442669 229.53809754661046
4.076859624739402 230.2901434898022
4.079790132036137 230.73172126490547
4.082720639332871 230.30313186552362
4.085651146629605 230.59064012252406
4.088581653926338 229.6891778893902
4.091512161223072 231.66524367387453
4.094442668519806 230.65576974297667
4.097373175816539 232.01612008735512
4.100303683113274 228.71376958475426
4.103234190410007 229.86036348947738
4.106164697706742 231.04748621578543
4.1090952050034755 229.3744050300531
4.112025712300209 232.64681485698895
4.114956219596943 229.9831406309876
4.117886726893676 228.61242092724052
4.12081723419041 228.75349427533945
4.123747741487144 229.89546486846257
4.125 229.74890934582828
4.126678248783878 234.9753782083922
4.1296087560806125 246.31505580033814
4.131944444444445 256.6701170397377
4.132539263377346 254.66622190737513
4.13546977067408 241.16641358484895
4.138400277970813 235.92555531861322
4.141330785267547 231.5039299761117
4.144261292564281 229.84741696122924
4.147191799861015 229.71084527268232
4.1501223071577495 228.21478658269234
4.153052814454483 229.6234419279524
4.155983321751217 226.52599575048185
4.15891382904795 227.56767701997828
4.161844336344684 227.3171033079069
4.164774843641418 228.50725623311686
4.167705350938152 229.50390077878134
4.170635858234886 225.78040231120272
4.17356636553162 227.46983513488348
4.176496872828354 229.09932593256207
4.179427380125087 227.67902792366334
4.182357887421821 227.97187447408086
4.185288394718555 227.2068355463225
4.188218902015289 226.9731422852456
4.191149409312023 226.6958069925086
4.194079916608757 226.7228826440132
4.197010423905491 226.59513515768052
4.1999409312022244 225.41470130439615
4.202871438498958 225.5714972449159
4.205801945795692 225.34581287831895
4.2083330154418945 225.93998988473018
4.208732453092425 226.9826126428241
4.21166296038916 237.49182101689854
4.214593467685893 247.09090010090821
4.215277459886339 249.50209437582552
4.217523974982628 240.25537822653726
4.2204544822793615 231.01151580819683
4.223384989576095 228.08636008854904
4.226315496872829 227.63199527178165
4.229246004169562 227.87437554270784
4.232176511466296 225.3570583241626
4.23510701876303 226.20640331185112
4.238037526059765 225.1385904819475
4.2409680333564985 224.16067167155435
4.243898540653232 224.04908820565615
4.246829047949966 222.80897851631212
4.249759555246699 224.42700297364493
4.252690062543433 223.42115789351377
4.2556205698401675 225.12839220435768
4.258551077136901 223.54440978699853
4.261481584433636 223.6283244004116
4.264412091730369 223.3813131520299
4.267342599027103 223.10592935753547
4.270273106323836 222.90354677522055
4.27320361362057 225.15581161392626
4.276134120917304 222.75535160433503
4.279064628214038 223.83641017401803
4.281995135510772 222.88365077667905
4.284925642807506 225.7558074574913
4.28785615010424 223.41589561948172
4.290786657400973 224.78451352145254
4.291666507720947 222.820758676813
4.293717164697707 227.34275110758477
4.296647671994441 237.0054589951321
4.298610952165392 242.65528600306897
4.299578179291175 239.6530575661035
4.302508686587909 232.4091467111553
4.305439193884643 225.8547881963029
4.308369701181377 225.23417660644762
4.3113002084781105 224.3550130409435
4.314230715774844 222.84140748193147
4.317161223071578 222.36062528701504
4.320091730368311 222.87148124785438
4.323022237665046 222.34479833657753
4.325952744961779 220.87911052881458
4.328883252258514 222.68169042697164
4.3318137595552475 221.98665234611536
4.33355324 221.94406000072283
4.334744266851981 218.32822645951697
4.337674774148715 210.39715130149622
4.340605281445448 206.9357010803774
4.343535788742183 206.28888040298773
4.346466296038916 205.58875325341592
4.349396803335651 205.9807709856998
4.3523273106323845 203.21727022616247
4.355257817929118 202.57017611170517
4.358188325225852 203.47069641338769
4.361118832522585 202.25973055361237
4.364049339819319 200.63902278876137
4.3669798471160535 202.28967120984242
4.369910354412787 204.135156527845
4.372840861709522 203.66466992183513
4.375 203.960172413333
4.375771369006255 199.7277485877182
4.378701876302989 196.01964803784315
4.381632383599722 194.46473872503466
4.381944444444445 193.8625252050398
4.384562890896456 195.90994549697308
4.38749339819319 200.35874016916713
4.390423905489924 199.31628822538514
4.393354412786659 202.5216378818331
4.396284920083392 202.6908711828689
4.399215427380126 203.13150944073072
4.402145934676859 201.62509808897403
4.405076441973593 202.82314061440965
4.408006949270327 202.70230640829428
4.410937456567061 202.21517676890758
4.413867963863795 203.02062918856524
4.416798471160529 202.79057944430775
4.419728978457263 202.79759383667292
4.4226594857539965 202.26936324031897
4.42558999305073 204.49918697703882
4.428520500347464 204.37708400275497
4.431451007644197 202.1171332541134
4.434381514940932 203.15680296294582
4.437312022237665 204.50333999106334
4.4402425295344 204.93214018908836
4.4431730368311335 202.24080675310566
4.446103544127867 201.72368319890222
4.449034051424601 204.90654545706946
4.451964558721334 203.41297646898232
4.454895066018069 203.26996190020782
4.4578255733148024 201.8688896226099
4.4583330154418945 202.90588230658562
4.460756080611537 199.187314912745
4.4636865879082706 196.61836105508823
4.465277459886339 193.45626931170946
4.466617095205004 194.90666211537797
4.469547602501738 199.30162311867767
4.472478109798471 199.82272373747622
4.475408617095205 201.70961545450731
4.4783391243919395 202.52752604582457
4.481269631688673 201.70675900571544
4.484200138985408 203.46453022648402
4.487130646282141 203.6437985182927
4.490061153578875 202.3806022197884
4.492991660875608 203.11133978721617
4.495922168172342 204.23163903305974
4.4988526754690765 204.8025632103998
4.50178318276581 205.2677780861551
4.504713690062545 203.10191363287848
4.507644197359278 204.51871837756988
4.510574704656012 203.55263861888105
4.5135052119527455 204.46528718813894
4.516435719249479 202.92033105310642
4.519366226546213 203.58780398922187
4.522296733842947 203.01294626090313
4.525227241139681 202.70415964513342
4.528157748436415 202.00748395281207
4.531088255733149 202.9958849500128
4.5340187630298825 203.29484073101244
4.536949270326616 203.339343136731
4.53987977762335 204.15118630313123
4.541666507720947 202.128069541219
4.542810284920083 202.5755988627586
4.545740792216818 198.83576980888256
4.548610952165392 194.79843838272646
4.548671299513552 196.48455587591593
4.551601806810286 198.8440643744631
4.5545323141070195 200.76827904723837
4.557462821403753 201.47726890908268
4.560393328700487 203.6999419920878
4.56332383599722 202.7864291871014
4.566254343293955 201.84829464113594
4.5691848505906885 200.75250124757068
4.572115357887423 202.8113571419058
4.575045865184157 204.3093082080326
4.57797637248089 203.24482944525087
4.580906879777624 203.9235689838667
4.583837387074357 204.3647877185571
4.586767894371091 204.77936555890008
4.5896984016678255 202.35957132566787
4.592628908964559 203.0256098304804
4.595559416261294 204.67716747324442
4.598489923558027 204.1550979925061
4.601420430854761 202.3502910732586
4.604350938151494 204.89017335973097
4.607281445448228 204.9780552884624
4.6102119527449625 203.42527063448543
4.613142460041697 203.18238664083674
4.616072967338431 204.6584966100583
4.619003474635164 203.95300355992848
4.621933981931898 204.70767478760234
4.6248644892286315 204.0016977665121
4.625 205.9375216886333
4.627794996525365 202.01615963562207
4.630725503822099 199.2993423735689
4.631944444444445 198.63599305323478
4.633656011118832 198.51431777663606
4.636586518415568 200.77236869038566
4.639517025712301 201.53185473885372
4.642447533009035 204.62553260876575
4.6453780403057685 205.7048982224804
4.648308547602502 204.72727447135406
4.651239054899236 206.45385096664398
4.654169562195969 204.51018831528856
4.657100069492705 205.73726669132833
4.660030576789438 204.31818611599044
4.662961084086172 206.3776383834497
4.6658915913829055 205.7399867439532
4.668822098679639 203.87275493552877
4.671752605976373 205.7652743693879
4.674683113273106 205.28165399852801
4.67761362056984 206.21914255265642
4.680544127866575 204.6331428456068
4.683474635163309 204.90562218940732
4.686405142460043 206.69974886191662
4.689335649756776 205.64611092753216
4.69226615705351 204.29245152770721
4.695196664350243 205.3341321919856
4.698127171646977 206.47779210798942
4.701057678943712 206.51817340119027
4.703988186240446 204.97221618787975
4.70691869353718 205.82725933945412
4.7083330154418945 205.7642976654752
4.709849200833913 205.00736519954484
4.712779708130647 202.2799665884414
4.715277459886339 201.56567241291296
4.7157102154273804 199.08224314007964
4.718640722724114 202.25614003728018
4.721571230020848 202.42497728126463
4.724501737317583 203.61059031586586
4.727432244614317 205.1211866082098
4.73036275191105 204.8059526107777
4.733293259207784 204.77828675555065
4.7362237665045175 206.83422521327427
4.739154273801251 205.408624408047
4.742084781097985 206.32729798387817
4.745015288394718 205.44337031472077
4.747945795691454 204.84154391582456
4.750876302988187 204.73938655108458
4.753806810284921 207.1749152430276
4.7567373175816545 206.06310075170953
4.759667824878388 204.76228172735009
4.762598332175122 204.83125259240148
4.765528839471855 205.94390329447032
4.768459346768591 204.5159145691873
4.771389854065324 206.1128396843153
4.774320361362058 207.0234111800756
4.777250868658792 207.08558857037798
4.780181375955525 205.45736038085127
4.783111883252259 205.83794499445472
4.786042390548992 204.90627147661846
4.788972897845726 204.9219682774187
4.791666507720947 205.0222258871663
4.791903405142461 206.0818352171957
4.794833912439195 204.38483968941085
4.797764419735929 202.8952312655592
4.798610952165392 203.25726456676867
4.800694927032662 204.18767808035537
4.803625434329396 204.19489954239347
4.806555941626129 203.11886363607545
4.809486448922863 206.61808476050882
4.812416956219598 205.25472866507022
4.815347463516332 206.27919737616304
4.818277970813066 207.20234187755176
4.821208478109799 206.31171160782446
4.824138985406533 204.62590052053196
4.8270694927032665 207.10888872230632
4.83 206.21759194962917
