0.613 8.491291673705334
0.6159305072967338 8.461567217290394
0.6188610145934677 8.457800740857794
0.6217915218902015 8.449335472787647
0.6247220291869353 8.406849387796106
0.6276525364836693 8.407805474781105
0.6305830437804031 8.458769723856816
0.6319444444444444 8.400680385945599
0.6335135510771369 8.414385154622138
0.6364440583738707 8.373270611433469
0.6393745656706046 8.39974001317328
0.6423050729673384 8.31326816224452
0.6452355802640722 8.344784566594683
0.6481660875608061 8.330766634181094
0.65109659485754 8.35527668626974
0.6540271021542738 8.299971338877135
0.6569576094510077 8.314070299411885
0.6598881167477415 8.30484240883197
0.6628186240444753 8.286074189536201
0.6657491313412092 8.249397939024401
0.668679638637943 8.278511779986264
0.6716101459346768 8.311576237872687
0.6745406532314107 8.240398435536
0.6774711605281445 8.20123250717262
0.6804016678248784 8.226933377291022
0.6833321751216123 8.229841851586274
0.6862626824183461 8.177436088727202
0.6891931897150799 8.189332068906936
0.6921236970118138 8.179491472028806
0.6950542043085476 8.166121327702609
0.6979847116052814 8.176879746541776
0.7009152189020152 8.158900571924306
0.7038457261987492 8.15612417140894
0.706776233495483 8.147912369298096
0.7097067407922169 8.133571560855804
0.7126372480889507 8.107586884562192
0.7152778175142076 8.132700917393635
0.7155677553856845 8.093491237495375
0.7184982626824183 8.092472057863265
0.7214287699791522 8.118682914649023
0.724359277275886 8.08785797751304
0.7272897845726198 8.074363391552623
0.7302202918693537 8.085654431699552
0.7331507991660876 8.08107688328571
0.7360813064628214 8.08609954330769
0.7390118137595553 8.049250706836505
0.7419423210562891 8.071781142580328
0.7448728283530229 8.053547202345426
0.7478033356497568 8.02481028150774
0.7507338429464906 8.032041678039402
0.7536643502432245 8.027176827096921
0.7565948575399584 8.011704377882232
0.7595253648366922 8.027401665028695
0.762455872133426 8.009366132451904
0.7653863794301599 8.028654451436202
0.7683168867268937 7.9629251015666656
0.7712473940236275 7.99752933970008
0.7741779013203614 7.98454553335335
0.7771084086170952 7.9867186591488455
0.780038915913829 7.984666445650736
0.7829694232105628 7.955785267173227
0.7858999305072968 7.974978274385879
0.7888304378040306 7.959851445277159
0.7917609451007644 7.969677571846003
0.7946914523974983 7.947724829930059
0.7976219596942321 7.95495955814755
0.798611130979326 7.962923628347673
0.8005524669909659 7.9728071291249725
0.8034829742876998 7.941138910634173
0.8064134815844337 7.954806531868722
0.8093439888811675 7.953611550139853
0.8122744961779014 7.916844803762851
0.8152050034746352 7.937222813204388
0.818135510771369 7.949716671257427
0.8210660180681029 7.913045342588319
0.8239965253648367 7.93877254472326
0.8269270326615705 7.937091448524358
0.8298575399583044 7.9376852444425205
0.8327880472550382 7.915426689061946
0.83341435 7.901663384447799
0.835718554551772 7.94921599375895
0.838649061848506 7.941644086999327
0.8415795691452398 8.012342083923997
0.8445100764419736 8.031593238897178
0.8474405837387075 8.032995452475136
0.8503710910354413 8.043254827043663
0.8533015983321751 8.1297161021711
0.8562321056289091 8.17375153855336
0.8591626129256429 8.16681285733518
0.8620931202223767 8.158253495665013
0.8650236275191105 8.1645234823288
0.8679541348158444 8.190439461867758
0.8708846421125782 8.245613606391005
0.873815149409312 8.23195569824853
0.875 8.26248927836492
0.8767456567060459 8.278415365034425
0.8796761640027797 8.314534994158775
0.8826066712995135 8.294345118550348
0.8855371785962474 8.336545119970403
0.8884676858929812 8.378673291594453
0.8888888888888888 8.38178387383646
0.8913981931897151 8.395745482309051
0.894328700486449 8.380635718802372
0.8972592077831828 8.420896237486721
0.9001897150799166 8.447486173173411
0.9031202223766505 8.432279260228457
0.9060507296733844 8.441248378019816
0.9089812369701182 8.494461985117109
0.9119117442668521 8.475828463908863
0.9148422515635859 8.500549645264813
0.9177727588603197 8.521834401689507
0.9207032661570536 8.534410686515344
0.9236337734537874 8.57407442243642
0.9265642807505212 8.546241171832037
0.929494788047255 8.55808398341668
0.9324252953439889 8.583053031898892
0.9353558026407227 8.620335151749034
0.9382863099374565 8.61059664760322
0.9412168172341904 8.60633354818595
0.9441473245309243 8.664708987283612
0.9470778318276581 8.655496419244889
0.950008339124392 8.644637904288858
0.9529388464211258 8.677975494490525
0.9558693537178597 8.701177900206062
0.9583333730697632 8.71356723518027
0.9587998610145936 8.715310879701297
0.9617303683113274 8.733840285725481
0.9646608756080612 8.737342117044554
0.9675913829047951 8.777312335776971
0.9705218902015289 8.773447321536302
0.972222261958652 8.804877330907665
0.9734523974982627 8.814769510981336
0.9763829047949966 8.830398754360473
0.9793134120917304 8.81192039157932
0.9822439193884642 8.815321399220071
0.9851744266851981 8.876775142564224
0.9881049339819319 8.877098024729069
0.9910354412786657 8.882963040373944
0.9939659485753995 8.885108341852238
0.9968964558721335 8.917884972964883
0.9998269631688673 8.889088207107967
1.002757470465601 8.955717064649617
1.005687977762335 8.948455721426878
1.008618485059069 8.968600843819488
1.0115489923558028 8.94585388977083
1.0144794996525366 8.97017940375445
1.0174100069492704 8.964231582760442
1.0203405142460042 9.03280310565609
1.023271021542738 9.020377217998949
1.026201528839472 9.044170935416407
1.0291320361362057 9.026466415000192
1.0320625434329396 9.04379224574696
1.0349930507296734 9.040624732150304
1.0379235580264072 9.06172284970212
1.040854065323141 9.052993017218848
1.0416666269302368 9.076248084564781
1.043784572619875 9.105202049163506
1.0467150799166087 9.101619032766164
1.0496455872133428 9.148246640918027
1.0525760945100764 9.136817978840496
1.0555066018068104 9.149972825889769
1.0555555158191257 9.149570574605042
1.058437109103544 9.167855838237882
1.061367616400278 9.202508635822527
1.064298123697012 9.241401305128125
1.0672286309937458 9.197005543917893
1.0701591382904796 9.228296953715033
1.0730896455872134 9.236878727767202
1.0760201528839473 9.261128904008329
1.078950660180681 9.235207846584238
1.081881167477415 9.225524203125339
1.0848116747741487 9.299339773409121
1.0877421820708826 9.302396693470378
1.0906726893676164 9.281187381794481
1.0936031966643502 9.270868527050501
1.096533703961084 9.305900707591144
1.0994642112578181 9.331515639323909
1.1023947185545517 9.299321481944311
1.1053252258512858 9.33927253744573
1.1082557331480194 9.32368578503231
1.1111862404447534 9.289041572506362
1.114116747741487 9.349148129085386
1.117047255038221 9.320693528939692
1.119977762334955 9.35064245456533
1.1229082696316888 9.390641164685809
1.125 9.375473605316628
1.1258387769284226 9.413522549145542
1.1287692842251564 9.382255012223686
1.1316997915218903 9.397763146504353
1.134630298818624 9.400886852524845
1.137560806115358 9.443324535193655
1.1388888888888888 9.448923549995524
1.1404913134120918 9.508837211793278
1.1434218207088258 9.434874875137393
1.1463523280055594 9.49410591585445
1.1492828353022935 9.482809364431354
1.152213342599027 9.461506878851248
1.1551438498957611 9.479296060515878
1.1580743571924947 9.475655999253663
1.1610048644892288 9.467341682232712
1.1639353717859624 9.484912235077434
1.1668658790826965 9.473898602784582
1.1697963863794303 9.487228583223306
1.1727268936761641 9.518359771497398
1.175657400972898 9.499981324976845
1.1785879082696318 9.494595968934277
1.1815184155663656 9.481096153638717
1.1844489228630994 9.497532485574348
1.1873794301598333 9.530483384278106
1.190309937456567 9.505781575288264
1.193240444753301 9.516058823535667
1.1961709520500348 9.492754636016905
1.1991014593467688 9.5133902339015
1.2020319666435024 9.519276877837402
1.2049624739402365 9.527719352786498
1.20789298123697 9.542053002504433
1.2083332538604736 9.488981674471985
1.2108234885337041 9.505717969210128
1.2137539958304377 9.487913061319746
1.2166845031271718 9.577550771801983
1.2196150104239054 9.563340622861144
1.2222221427493625 9.52959622858583
1.2225455177206395 9.571636901490034
1.2254760250173733 9.593012063269363
1.2284065323141071 9.5908577291995
1.231337039610841 9.58903919231023
1.2342675469075748 9.559057812252373
1.2371980542043086 9.582714168360063
1.2401285615010424 9.580402269161114
1.2430590687977763 9.598389598216375
1.24598957609451 9.597477619462277
1.2489200833912442 9.606071708594527
1.2518505906879778 9.575984755396922
1.2547810979847118 9.587227636580627
1.2577116052814454 9.566360314592723
1.2606421125781795 9.57109561284548
1.263572619874913 9.575229554055639
1.2665031271716471 9.630023582288109
1.2694336344683808 9.584033891925102
1.2723641417651148 9.54437849791681
1.2752946490618486 9.569278787341322
1.2782251563585825 9.580292697385307
1.2811556636553163 9.54703498965948
1.2840861709520501 9.530277940144694
1.287016678248784 9.576667744510113
1.2899471855455178 9.60090631132846
1.2916666269302368 9.605998506748232
1.2928776928422516 9.560110565271293
1.2958082001389855 9.567260368349206
1.2987387074357195 9.618393298811867
1.3016692147324531 9.622944663910856
1.3045997220291872 9.594191428709676
1.3055555158191257 9.604362011003754
1.3075302293259208 9.595090616941981
1.3104607366226548 9.619696953797943
1.3133912439193884 9.614800160262952
1.3163217512161225 9.6207099580886
1.319252258512856 9.637434315361109
1.3221827658095902 9.623930486118626
1.325113273106324 9.619962949146158
1.3280437804030578 9.620793103831566
1.3309742876997916 9.619530548735131
1.3334838 9.63477526117449
1.3339047949965255 9.61856355657323
1.3368353022932593 9.592957571682321
1.3397658095899931 9.549971771267778
1.342696316886727 9.526243910698696
1.3456268241834608 9.556760408112442
1.3485573314801946 9.532761329720504
1.3514878387769285 9.499580024701489
1.3544183460736625 9.500494948088892
1.3573488533703961 9.466967676793317
1.3602793606671302 9.418503053255723
1.3632098679638638 9.450242269176583
1.3661403752605978 9.376741331695362
1.3690708825573314 9.37479068502314
1.3720013898540655 9.344871254408227
1.374931897150799 9.37895591326421
1.375 9.356887036263293
1.3778624044475332 9.361593515390533
1.380792911744267 9.328608353564324
1.3819444444444444 9.355471924483325
1.3837234190410008 9.299371121174453
1.3866539263377347 9.293699529032876
1.3895844336344685 9.290351206126756
1.3925149409312023 9.279137245766188
1.3954454482279361 9.25472447839164
1.39837595552467 9.222466322696901
1.4013064628214038 9.237466852888645
1.4042369701181379 9.234336716008038
1.4071674774148715 9.17323227448121
1.4100979847116055 9.19704945339247
1.4130284920083391 9.163631387627689
1.4159589993050732 9.133194675451714
1.4188895066018068 9.143062205477417
1.4218200138985408 9.095225900966215
1.4247505211952745 9.08475596583106
1.4276810284920085 9.049885047072872
1.4306115357887423 9.079871276289438
1.4335420430854762 9.067521753794525
1.43647255038221 9.041223505481781
1.4394030576789438 9.04612378880147
1.4423335649756777 8.96857636902396
1.4452640722724115 8.988995979093987
1.4481945795691453 8.97869532184001
1.4511250868658792 8.99244556774951
1.4540555941626132 8.94228936249841
1.4569861014593468 8.955214423933946
1.4583332538604736 8.94017354840803
1.4599166087560809 8.920577336999179
1.4628471160528145 8.91650258652682
1.465277698304918 8.94970887401467
1.4657776233495485 8.922209464107034
1.4687081306462821 8.885396618702002
1.4716386379430162 8.844294692075698
1.4745691452397498 8.910239813636318
1.4774996525364839 8.859202232217191
1.4804301598332177 8.841881210508117
1.4833606671299515 8.810832313420265
1.4862911744266853 8.846580492766364
1.4892216817234192 8.822472033412103
1.492152189020153 8.816360664627664
1.4950826963168868 8.77971032241701
1.4980132036136207 8.757792068636896
1.5009437109103545 8.77000834973229
1.5038742182070883 8.743376382440278
1.5068047255038222 8.713452866697413
1.5097352328005562 8.706644036569598
1.5126657400972898 8.733677314928977
1.5155962473940239 8.686606427669865
1.5185267546907575 8.670011431328632
1.5214572619874915 8.676521551577297
1.5243877692842251 8.705010785747318
1.5273182765809592 8.658985813726028
1.5302487838776928 8.620980162445274
1.5331792911744269 8.646175771404229
1.5361097984711607 8.605706475605368
1.5390403057678945 8.63383063536544
1.5416666269302368 8.562339059225039
1.5419708130646284 8.62715937043473
1.5449013203613622 8.579752686271696
1.547831827658096 8.624044533792073
1.5486110713746812 8.628173136446515
1.5507623349548298 8.56290255422154
1.5536928422515637 8.617183281511116
1.5566233495482975 8.581491684363229
1.5595538568450316 8.561732190490886
1.5624843641417652 8.583936130153797
1.5654148714384992 8.560314945916437
1.5683453787352328 8.541855771449061
1.5712758860319669 8.501113898455507
1.5742063933287005 8.491467197338649
1.5771369006254345 8.5002418827059
1.5800674079221682 8.486817443099515
1.5829979152189022 8.476654650835611
1.585928422515636 8.449998788572366
1.5888589298123699 8.46238143117324
1.5917894371091037 8.429695970554706
1.5947199444058375 8.42344027802749
1.5976504517025714 8.381096553535885
1.6005809589993052 8.433491497659954
1.603511466296039 8.420271201505042
1.6064419735927729 8.393652186969788
1.609372480889507 8.432810272498905
1.6123029881862405 8.372568640059413
1.6152334954829743 8.37147000643418
1.6181640027797082 8.414426741107592
1.621094510076442 8.343975687874023
1.624025017373176 8.357901660143758
1.625 8.35266720151636
1.62695552466991 8.30746770301449
1.6298860319666437 8.342587697773846
1.6319444444444444 8.323881693576668
1.6328165392633776 8.333666142214529
1.6357470465601114 8.305283400103827
1.6386775538568452 8.318970283794025
1.641608061153579 8.297043643582393
1.6445385684503129 8.318779724126856
1.6474690757470467 8.287157959103439
1.6503995830437805 8.25463965835368
1.6533300903405144 8.266366323249635
1.6562605976372482 8.285515645482876
1.659191104933982 8.237573276798232
1.6621216122307159 8.25458615887773
1.6650521195274497 8.228263642201284
1.6679826268241835 8.252952441948528
1.6709131341209174 8.213273892574644
1.6738436414176514 8.175746594481083
1.6767741487143852 8.21000553469691
1.679704656011119 8.189655167037559
1.682635163307853 8.210427506396915
1.6855656706045867 8.17767327909926
1.6884961779013206 8.13156645551599
1.6914266851980544 8.190372038574791
1.6943571924947882 8.146578655098065
1.697287699791522 8.112561058319688
1.7002182070882559 8.136350758566131
1.7031487143849897 8.12392121096528
1.7060792216817235 8.133187819096884
1.7083332538604736 8.142372279709516
1.7090097289784574 8.100457201273954
1.7119402362751912 8.152288335497262
1.714870743571925 8.130097115523327
1.715277698304918 8.104845931876492
1.7178012508686589 8.120265406373147
1.7207317581653927 8.087568833320631
1.7236622654621265 8.133801468253194
1.7265927727588606 8.079839593728842
1.7295232800555944 8.085553787982885
1.7324537873523282 8.071693925017575
1.735384294649062 8.066395782382065
1.738314801945796 8.061740207589134
1.7412453092425297 8.08194430860557
1.7441758165392636 8.077571682120222
1.7471063238359974 8.0429618737276
1.7500368311327312 8.02879900553114
1.752967338429465 8.0356688074907
1.755897845726199 8.058992686306874
1.7588283530229327 8.031164124603492
1.7617588603196666 8.01777149588337
1.7646893676164004 8.025307355616127
1.7676198749131342 8.015574052710424
1.770550382209868 7.996902298674417
1.7734808895066019 7.988720733761913
1.7764113968033357 7.950351167651045
1.7793419041000698 8.01203825273968
1.7822724113968036 7.984942523785217
1.7852029186935374 7.975547752244874
1.7881334259902713 7.951003886195646
1.791063933287005 7.898251139878231
1.7916666269302368 7.833353475390073
1.793994440583739 7.852379000203764
1.7969249478804727 7.871740303667437
1.7986110713746812 7.8384940852364595
1.7998554551772066 7.827865322897075
1.8027859624739404 7.856827385336971
1.8057164697706742 7.858673925140494
1.808646977067408 7.856270145791423
1.811577484364142 7.879761523814545
1.8145079916608757 7.837297291287533
1.8174384989576096 7.866146822532619
1.8203690062543434 7.887021475721372
1.8232995135510772 7.834414742801812
1.826230020847811 7.908565443968354
1.829160528144545 7.883413412242019
1.832091035441279 7.9041321114843575
1.83355324 7.866777532637866
1.8350215427380128 7.867671547035926
1.8379520500347466 7.905862796701872
1.8408825573314804 7.953216013996786
1.8438130646282143 7.957858710024489
1.846743571924948 7.980708880968088
1.849674079221682 8.030710521440428
1.8526045865184158 8.07557507420482
1.8555350938151496 8.035709396512905
1.8584656011118834 8.060156538901863
1.8613961084086172 8.116208972865236
1.864326615705351 8.070997285826474
1.867257123002085 8.130497922423888
1.8701876302988187 8.189860087243764
1.8731181375955526 8.182582050805085
1.875 8.214322767783633
1.8760486448922864 8.194190765416502
1.8789791521890202 8.213905811428704
1.8819096594857543 8.268169444882744
1.8819444444444444 8.240593056512367
1.8848401667824881 8.242891651167911
1.887770674079222 8.267605630264669
1.8907011813759558 8.279875431381893
1.8936316886726896 8.30671030487845
1.8965621959694234 8.350159850158033
1.8994927032661573 8.36452186009269
1.902423210562891 8.332284346452973
1.905353717859625 8.369404265966272
1.9082842251563588 8.430106361915492
1.9112147324530926 8.360694061685962
1.9141452397498264 8.421949979024351
1.9170757470465603 8.460180597862939
1.920006254343294 8.440884543236278
1.922936761640028 8.469053883322747
1.9258672689367617 8.503936997678517
1.9287977762334956 8.468407408612043
1.9317282835302294 8.49554832182014
1.9346587908269635 8.483923834740198
1.9375892981236973 8.472385348863309
1.9405198054204311 8.543965587885571
1.943450312717165 8.578594061640624
1.9463808200138988 8.517566717914448
1.9493113273106326 8.540716998085438
1.9522418346073664 8.565306614472963
1.9551723419041003 8.623123253587549
1.958102849200834 8.591096515351547
1.9583332538604736 8.564174285664313
1.961033356497568 8.590391781749148
1.9639638637943018 8.660802311838049
1.965277698304918 8.659992408065513
1.9668943710910356 8.659544784400424
1.9698248783877694 8.6040986065691
1.9727553856845033 8.65391175753715
1.975685892981237 8.662880788433734
1.978616400277971 8.705362114396168
1.9815469075747048 8.696997042724172
1.9844774148714388 8.730399335660955
1.9874079221681726 8.690956663117134
1.9903384294649065 8.731494987758714
1.9932689367616403 8.73742665435813
1.9961994440583741 8.767155659247063
1.999129951355108 8.737477341559002
2.002060458651842 8.772804885588625
2.0049909659485756 8.776688952114952
2.0079214732453092 8.774670620184226
2.0108519805420433 8.806128643060747
2.0137824878387773 8.807554354660324
2.016712995135511 8.843911620755101
2.0196435024322446 8.849147818508037
2.0225740097289786 8.834634982010126
2.0255045170257127 8.840045940971445
2.0284350243224463 8.85422744631105
2.03136553161918 8.917142375887465
2.034296038915914 8.88321143691329
2.037226546212648 8.881981883617273
2.0401570535093816 8.920942035054656
2.0416667461395264 8.880320877605316
2.0430875608061156 8.909421500431696
2.0460180681028497 8.933306381867206
2.048611190583971 8.95907605469705
2.0489485753995833 8.986540319887872
2.051879082696317 8.985824176305833
2.054809589993051 8.980514549938345
2.057740097289785 9.004356664758753
2.0606706045865186 8.992238149269866
2.0636011118832522 8.974869598839238
2.0665316191799863 9.044718847611536
2.0694621264767203 9.008798876500244
2.072392633773454 9.03774127608647
2.0753231410701876 9.060439087188936
2.0782536483669216 9.102134001062332
2.0811841556636557 9.03601986514734
2.0841146629603893 9.098605593519554
2.087045170257123 9.115819408432516
2.0899756775538574 9.06450801842792
2.092906184850591 9.110906110247187
2.0958366921473246 9.108645482482046
2.0987671994440587 9.119714161714242
2.1016977067407927 9.152286714318484
2.1046282140375263 9.181722797222898
2.10755872133426 9.108830984612407
2.110489228630994 9.172325871234188
2.113419735927728 9.157688733278153
2.1163502432244616 9.16029359035912
2.1192807505211952 9.165505310350387
2.1222112578179293 9.204718492565032
2.125 9.197358688592484
2.1251417651146634 9.20288465177874
2.128072272411397 9.21084278104352
2.1310027797081306 9.228356005432893
2.1319444444444446 9.260277017173022
2.1339332870048646 9.2630867461497
2.1368637943015987 9.239672607674063
2.1397943015983323 9.260036113229967
2.1427248088950663 9.275857044121793
2.1456553161918004 9.278167326789362
2.148585823488534 9.262799167498233
2.1515163307852676 9.281272289321134
2.1544468380820017 9.261683053783434
2.1573773453787357 9.29853012782192
2.1603078526754693 9.335532670855656
2.163238359972203 9.324044349694365
2.166168867268937 9.34946814217755
2.169099374565671 9.335768175030012
2.1720298818624046 9.354015390117636
2.1749603891591383 9.320824413082208
2.1778908964558723 9.373488153529555
2.1808214037526064 9.381183887544868
2.18375191104934 9.35811236444297
2.1866824183460736 9.374563242865197
2.1896129256428076 9.382646802309292
2.1925434329395417 9.375652245656251
2.1954739402362753 9.400033799288337
2.1984044475330093 9.374315972297811
2.2013349548297434 9.406317870644845
2.204265462126477 9.406751570295762
2.2071959694232106 9.423796554622362
2.2083334922790527 9.414797955837459
2.2101264767199447 9.394645175021191
2.2130569840166787 9.406350046126695
2.2152779367234974 9.430493409405843
2.2159874913134123 9.435036257229346
2.218917998610146 9.442024070561414
2.22184850590688 9.428820567818454
2.224779013203614 9.480493189807563
2.2277095205003477 9.449499309027491
2.2306400277970813 9.455022631584752
2.2335705350938153 9.478091788764688
2.2365010423905494 9.440358283362434
2.239431549687283 9.496887505421853
2.2423620569840166 9.448638731930314
2.245292564280751 9.484178800876135
2.2482230715774847 9.47733260914346
2.2511535788742183 9.477241450653018
2.2540840861709524 9.473307963550065
2.2570145934676864 9.460830928972248
2.25994510076442 9.470602577394192
2.2628756080611536 9.435621142320576
2.2658061153578877 9.475879300893228
2.2687366226546217 9.493281896308819
2.2716671299513553 9.498255981336573
2.274597637248089 9.496651436653506
2.277528144544823 9.50386977585867
2.280458651841557 9.502343209829561
2.2833891591382907 9.502369656627318
2.2863196664350243 9.462042723893427
2.2892501737317583 9.509166396660202
2.2916667461395264 9.5018948466397
2.2921806810284924 9.499338272200747
2.295111188325226 9.487563485984953
2.29804169562196 9.532318734165694
2.298611190583971 9.52531606807704
2.300972202918694 9.559332792701255
2.3039027102154277 9.558947970933323
2.3068332175121613 9.530215038419243
2.3097637248088954 9.540738921211938
2.3126942321056294 9.534708682171647
2.315624739402363 9.52181584050112
2.3185552466990966 9.546282615543962
2.3214857539958307 9.5258058280374
2.3244162612925647 9.532290175659766
2.3273467685892983 9.54534317692394
2.330277275886032 9.559619093291813
2.333207783182766 9.534034342332758
2.33362269 9.52961523615371
2.3361382904795 9.546924007783334
2.3390687977762337 9.472333839056796
2.3419993050729673 9.487588317324965
2.3449298123697013 9.47580564191813
2.3478603196664354 9.456253725474827
2.350790826963169 9.414087868632844
2.353721334259903 9.410722971445843
2.356651841556637 9.380418953715834
2.3595823488533707 9.396497573441549
2.3625128561501043 9.370382848531401
2.3654433634468384 9.33556691628597
2.3683738707435724 9.277996319184822
2.371304378040306 9.324672657261543
2.3742348853370396 9.277030132175444
2.375 9.284017543404806
2.3771653926337737 9.290921747530104
2.3800958999305077 9.230666611487415
2.3819444444444446 9.264782401255651
2.3830264072272414 9.243271192121764
2.385956914523975 9.24812752526374
2.388887421820709 9.224988650150781
2.391817929117443 9.19536993434086
2.3947484364141767 9.159436412999641
2.3976789437109103 9.187063493409848
2.400609451007645 9.176690750788795
2.4035399583043784 9.133059632580935
2.406470465601112 9.096275112906893
2.409400972897846 9.105162285790465
2.41233148019458 9.11435096175107
2.4152619874913137 9.065010408602426
2.4181924947880473 9.085943480619743
2.4211230020847814 9.042894740927139
2.4240535093815154 9.06187268032801
2.426984016678249 8.98995470344605
2.4299145239749826 9.001489591130698
2.4328450312717167 8.962010712614118
2.4357755385684507 8.968319333137773
2.4387060458651844 8.931598557921266
2.441636553161918 8.923603699275773
2.444567060458652 8.949755952627232
2.447497567755386 8.921400938412441
2.4504280750521197 8.909166342240818
2.4533585823488537 8.872444455602746
2.456289089645588 8.831310107194625
2.4583334922790527 8.848739418784895
2.4592195969423214 8.843540223569343
2.462150104239055 8.845470593324345
2.465080611535789 8.826894951357676
2.4652779367234974 8.842309858217178
2.468011118832523 8.859992756325598
2.4709416261292567 8.834552936932816
2.4738721334259903 8.775538541637596
2.4768026407227244 8.825362420292524
2.4797331480194584 8.843264365754823
2.482663655316192 8.780243380134268
2.4855941626129257 8.773587466166463
2.4885246699096597 8.787106025962638
2.4914551772063938 8.73772184027889
2.4943856845031274 8.70086736344146
2.497316191799861 8.702124694142777
2.500246699096595 8.67897644558357
2.503177206393329 8.673579167163282
2.5061077136900627 8.689763681803798
2.5090382209867967 8.685508474005879
2.511968728283531 8.646444089593926
2.5148992355802644 8.659740589828113
2.517829742876998 8.617033701380995
2.520760250173732 8.642034599603077
2.523690757470466 8.584926597464792
2.5266212647671997 8.592785666443607
2.5295517720639333 8.590918711442068
2.5324822793606674 8.568713824334685
2.5354127866574014 8.620690780925516
2.538343293954135 8.554020541340032
2.5412738012508687 8.552795648993515
2.5416667461395264 8.570077588835627
2.5442043085476027 8.569541395558385
2.5471348158443368 8.525812079765135
2.548611190583971 8.562137251826728
2.5500653231410704 8.558157391987315
2.552995830437804 8.532200274674008
2.5559263377345385 8.530153078613711
2.558856845031272 8.515396788127076
2.5617873523280057 8.485694287085993
2.5647178596247397 8.495119355950088
2.567648366921474 8.478478988776939
2.5705788742182074 8.469056525576304
2.573509381514941 8.434339532629709
2.576439888811675 8.429735985046769
2.579370396108409 8.436194832803274
2.5823009034051427 8.39680028571643
2.5852314107018763 8.43154862947068
2.5881619179986104 8.431239348367553
2.5910924252953444 8.386743822224817
2.594022932592078 8.404472529719593
2.5969534398888117 8.35633240805235
2.5998839471855457 8.352990512381929
2.6028144544822798 8.346574912323831
2.6057449617790134 8.374676944750524
2.6086754690757474 8.340482796397374
2.6116059763724815 8.338444629992857
2.614536483669215 8.296252969351135
2.6174669909659487 8.299971011502459
2.6203974982626828 8.301232865231313
2.6233280055594164 8.243217017693784
2.625 8.319446565704771
2.6262585128561504 8.293937289576151
2.629189020152884 8.283020348159184
2.6319444444444446 8.26205276399689
2.632119527449618 8.284767092713482
2.635050034746352 8.279936585218783
2.6379805420430857 8.259073914192776
2.64091104933982 8.24749818287254
2.6438415566365534 8.23851733727837
2.6467720639332875 8.208704043886062
2.649702571230021 8.273611574199728
2.652633078526755 8.225337489323875
2.6555635858234887 8.2124633595136
2.658494093120223 8.2132326983252
2.6614246004169564 8.196052191222615
2.6643551077136904 8.185549848919765
2.667285615010424 8.181446529473671
2.670216122307158 8.200879158154134
2.6731466296038917 8.128452060187684
2.6760771369006258 8.11230079907914
2.6790076441973594 8.166585868501603
2.6819381514940934 8.146101163331828
2.6848686587908275 8.121682978860687
2.687799166087561 8.11839505182434
2.690729673384295 8.098165378190583
2.6936601806810287 8.11527512944913
2.696590687977763 8.088130177962089
2.6995211952744964 8.103380947360483
2.7024517025712305 8.100892826062802
2.705382209867964 8.070805992094341
2.708312717164698 8.06233672049031
2.7083334922790527 8.073062338408835
2.7112432244614317 8.123805403980965
2.714173731758166 8.090775256475272
2.7152779367234974 8.077369967549057
2.7171042390548994 8.086865442370145
2.7200347463516334 8.07101380094693
2.722965253648367 8.062170360312647
2.725895760945101 8.05566769763213
2.7288262682418347 8.049520365912198
2.7317567755385688 8.055900425463848
2.734687282835303 8.09100762230991
2.7376177901320364 8.000406466007224
2.7405482974287705 8.008956015218923
2.743478804725504 8.021018001364677
2.746409312022238 8.018670510938636
2.7493398193189718 8.016209165698438
2.752270326615706 8.036675803513365
2.7552008339124394 8.023885742765373
2.7581313412091735 7.976957014982962
2.761061848505907 7.997920332429688
2.763992355802641 8.007813059673207
2.7669228630993747 7.997542561863145
2.769853370396109 7.988047519193652
2.7727838776928424 8.030948258361384
2.7757143849895765 7.996962855357463
2.77864489228631 8.003362134129649
2.781575399583044 7.961232958069125
2.7845059068797777 7.958798693906658
2.787436414176512 7.9953631039771675
2.790366921473246 8.013874543319973
2.7916667461395264 7.970387521192693
2.7932974287699794 7.9448077170146085
2.7962279360667135 7.921427868065784
2.798611190583971 7.893105017519797
2.799158443363447 7.863005641916666
2.802088950660181 7.9200143669242555
2.8050194579569148 7.8617565356822885
2.807949965253649 7.913084267427137
2.8108804725503824 7.862089210861574
2.8138109798471165 7.867647926763008
2.81674148714385 7.880832603200786
2.819671994440584 7.879810706689838
2.8226025017373177 7.891631894882465
2.825533009034052 7.909207055449901
2.8284635163307854 7.8989071319684285
2.8313940236275195 7.854357316608185
2.83355324 7.896708739385224
2.834324530924253 7.8825580336700805
2.837255038220987 7.921434876595267
2.840185545517721 7.955964856640555
2.843116052814455 7.986389441312284
2.846046560111189 7.982686950382028
2.8489770674079224 8.012662608114194
2.8519075747046565 8.080464245063702
2.85483808200139 8.07414503135497
2.857768589298124 8.084559009298784
2.8606990965948578 8.118376619580163
2.863629603891592 8.150224142503404
2.8665601111883254 8.190982461930526
2.8694906184850595 8.160036261693753
2.872421125781793 8.176984149634382
2.875 8.175126295780693
2.875351633078527 8.224488047847643
2.8782821403752608 8.264394992910548
2.881212647671995 8.285285358879891
2.8819444444444446 8.253533264124215
2.8841431549687284 8.23840012844427
2.8870736622654625 8.325514464872512
2.8900041695621965 8.305963954573217
2.89293467685893 8.297001015473509
2.895865184155664 8.35520617426656
2.898795691452398 8.300715965931266
2.901726198749132 8.329386959732114
2.9046567060458655 8.33619090352897
2.9075872133425995 8.354476174031252
2.910517720639333 8.39866477227141
2.913448227936067 8.419255323435644
2.916378735232801 8.467509688759533
2.919309242529535 8.44427930137076
2.9222397498262684 8.472973570823322
2.9251702571230025 8.498875407345473
2.928100764419736 8.466515441241214
2.93103127171647 8.506664542679998
2.9339617790132038 8.51422475734156
2.936892286309938 8.51650168765018
2.9398227936066714 8.533914956809346
2.9427533009034055 8.606505899304704
2.9456838082001395 8.558365084409834
2.948614315496873 8.537938833407592
2.951544822793607 8.577328531994741
2.954475330090341 8.587616428579985
2.957405837387075 8.602157824056016
2.9583334922790527 8.59230805881977
2.9603363446838085 8.623633282411816
2.9632668519805425 8.59699638563804
2.9652779367234974 8.630248323385695
2.966197359277276 8.653091282743155
2.96912786657401 8.630217707664492
2.972058373870744 8.68673211072141
2.974988881167478 8.698214150828155
2.9779193884642114 8.71930363991751
2.9808498957609455 8.723266763124894
2.983780403057679 8.70884306234562
2.986710910354413 8.762683736375312
2.9896414176511468 8.660958755760957
2.992571924947881 8.756456263227845
2.995502432244615 8.740902671401212
2.9984329395413485 8.75900008310241
3.0013634468380825 8.784600177729388
3.004293954134816 8.797429919464506
3.00722446143155 8.797783433065444
3.010154968728284 8.842560075226713
3.013085476025018 8.827968659905018
3.0160159833217515 8.84949130645023
3.0189464906184855 8.84550800089238
3.021876997915219 8.853894427954037
3.024807505211953 8.851861022518424
3.027738012508687 8.870728550140848
3.030668519805421 8.886645294436612
3.0335990271021545 8.896014293388985
3.0365295343988885 8.907733772287228
3.039460041695622 8.885661452641353
3.0416667461395264 8.918639211763477
3.042390548992356 8.938864672443879
3.0453210562890902 8.929866192294469
3.048251563585824 8.953372391330438
3.048611190583971 8.991906511321696
3.051182070882558 9.014335156484135
3.0541125781792915 9.000505589417001
3.0570430854760255 9.00998035746726
3.059973592772759 9.034006353970478
3.062904100069493 9.04239651500797
3.065834607366227 9.045543150331422
3.068765114662961 9.078410321326837
3.0716956219596945 9.096052934343316
3.0746261292564285 9.080289940803295
3.077556636553162 9.04907586124321
3.080487143849896 9.104832662241044
3.08341765114663 9.084632406380093
3.086348158443364 9.105567456386131
3.0892786657400975 9.129398387581832
3.0922091730368315 9.12784555899811
3.095139680333565 9.121877389024663
3.098070187630299 9.182399344083915
3.1010006949270332 9.207233563967437
3.103931202223767 9.18918146775992
3.106861709520501 9.207379595237692
3.1097922168172345 9.192793241812899
3.1127227241139686 9.197785961942358
3.115653231410702 9.181131900494384
3.118583738707436 9.195461805297251
3.12151424600417 9.189505379900512
3.124444753300904 9.217344409769987
3.125 9.23955576448543
3.1273752605976375 9.25585228067643
3.1303057678943715 9.265903197128871
3.1319444444444446 9.2939228807365
3.133236275191105 9.308760684680012
3.136166782487839 9.273249566249689
3.139097289784573 9.29001522201482
3.142027797081307 9.29592593094853
3.1449583043780405 9.294432601050296
3.1478888116747745 9.357597477961502
3.1508193189715086 9.329745813212364
3.153749826268242 9.318513608212628
3.1566803335649762 9.311730617431296
3.15961084086171 9.400165146399653
3.162541348158444 9.397845943895913
3.1654718554551775 9.358115172518213
3.1684023627519116 9.377267144610666
3.171332870048645 9.374027751713154
3.1742633773453792 9.409953475205823
3.177193884642113 9.358281881620673
3.180124391938847 9.38508757586217
3.1830548992355805 9.410567934764197
3.1859854065323145 9.423904934325458
3.188915913829048 9.430819780409381
3.191846421125782 9.379961230519692
3.194776928422516 9.422929635411203
3.19770743571925 9.41113119445604
3.200637943015984 9.470051199026555
3.2035684503127175 9.421641690131402
3.2064989576094516 9.466669940928119
3.2083334922790527 9.448212005219986
3.209429464906185 9.440544017891122
3.2123599722029192 9.486047242771239
3.2152779367234974 9.495058885623772
3.215290479499653 9.494188394445397
3.218220986796387 9.49593763337393
3.2211514940931205 9.482968636791448
3.2240820013898546 9.525556893763785
3.227012508686588 9.502714320831185
3.2299430159833222 9.515855769948326
3.232873523280056 9.50643596614282
3.23580403057679 9.552126898427346
3.2387345378735235 9.51477898764241
3.2416650451702576 9.481926254516665
3.244595552466991 9.538227633319243
3.247526059763725 9.508656408885447
3.250456567060459 9.528285112868161
3.253387074357193 9.528969249817793
3.256317581653927 9.518809353656119
3.2592480889506605 9.509136947295703
3.2621785962473946 9.529421389201973
3.265109103544128 9.534070488002433
3.2680396108408623 9.539420428652182
3.270970118137596 9.582242355868875
3.27390062543433 9.54856041076288
3.2768311327310635 9.525088146054706
3.2797616400277976 9.526487806887577
3.282692147324531 9.524792881835827
3.2856226546212652 9.543380391533729
3.288553161917999 9.558741742254558
3.291483669214733 9.555760722879027
3.2916667461395264 9.542447597640013
3.2944141765114665 9.595463205332292
3.2973446838082006 9.579324600149757
3.298611190583971 9.583164372377501
3.300275191104934 9.5843410910105
3.3032056984016682 9.546361378484198
3.3061362056984023 9.588206632668255
3.309066712995136 9.594839297251841
3.31199722029187 9.588374538834804
3.3149277275886035 9.590908368050483
3.3178582348853376 9.59403826393026
3.320788742182071 9.599705983599971
3.3237192494788053 9.598573932114302
3.326649756775539 9.62089465776199
3.329580264072273 9.595507405469455
3.3325107713690065 9.603438095533559
3.33341435 9.624367297442411
3.3354412786657406 9.608964557876531
3.338371785962474 9.56790715171256
3.3413022932592082 9.563364349122065
3.344232800555942 9.532159263452744
3.347163307852676 9.55360561318402
3.3500938151494095 9.473143701893923
3.3530243224461436 9.48133550631464
3.3559548297428776 9.449798921391892
3.3588853370396112 9.425624845361495
3.3618158443363453 9.450091528681687
3.364746351633079 9.378235460045097
3.367676858929813 9.393068584407656
3.3706073662265466 9.385042397449912
3.3735378735232806 9.341579259520689
3.375 9.33866414285919
3.376468380820014 9.378049629112757
3.3793988881167483 9.31703973716511
3.3819444444444446 9.372564548875184
3.382329395413482 9.350359505745011
3.385259902710216 9.286434277727217
3.3881904100069495 9.314977990114377
3.3911209173036836 9.276857892573544
3.394051424600417 9.25627068481543
3.3969819318971513 9.21918555122568
3.399912439193885 9.22081676201849
3.402842946490619 9.218205136916092
3.4057734537873525 9.215360331286488
3.4087039610840866 9.156811680996805
3.4116344683808206 9.153148686072141
3.4145649756775542 9.181613311457555
3.4174954829742883 9.148493479486996
3.420425990271022 9.085235954696554
3.423356497567756 9.124162862312376
3.4262870048644896 9.09476825743052
3.4292175121612236 9.121098398805788
3.4321480194579572 9.042192084342528
3.4350785267546913 9.051176977135215
3.438009034051425 9.03795503987749
3.440939541348159 9.078766912677926
3.4438700486448925 8.981543116415429
3.4468005559416266 8.965255712381666
3.44973106323836 8.970098854374923
3.4526615705350943 8.966303039132448
3.455592077831828 8.999503134078987
3.4583334922790527 8.933197311327511
3.458522585128562 8.92659164797138
3.461453092425296 8.940944145240715
3.4643835997220296 8.924482875591334
3.4652779367234974 8.928018687664323
3.4673141070187636 8.927795868852032
3.4702446143154972 8.918770470127042
3.4731751216122313 8.898242260787187
3.476105628908965 8.871373351178754
3.479036136205699 8.874571167804046
3.4819666435024326 8.827185868572471
3.4848971507991666 8.878266515670115
3.4878276580959002 8.810482794699562
3.4907581653926343 8.842967904824617
3.493688672689368 8.803963900340609
3.496619179986102 8.795352110931173
3.4995496872828356 8.794536966393228
3.5024801945795696 8.779157353391252
3.505410701876303 8.79530044196134
3.5083412091730373 8.778479980695485
3.5112717164697713 8.75192421583118
3.514202223766505 8.761383096198907
3.517132731063239 8.708760337114342
3.5200632383599726 8.729905327279903
3.5229937456567066 8.707235127226822
3.5259242529534403 8.72808009238857
3.5288547602501743 8.701764371771032
3.531785267546908 8.678656763477981
3.534715774843642 8.667411582456314
3.5376462821403756 8.645923384176308
3.5405767894371096 8.634479946094816
3.5416667461395264 8.642120080665006
3.5435072967338432 8.626635616557188
3.5464378040305773 8.661576492525024
3.548611190583971 8.619846564303296
3.549368311327311 8.65998546030627
3.552298818624045 8.621600448510883
3.5552293259207786 8.619377504316578
3.5581598332175126 8.60574815007217
3.561090340514246 8.586596789166279
3.5640208478109803 8.595699366592283
3.5669513551077143 8.58037862101795
3.569881862404448 8.569167860007852
3.572812369701182 8.524975671633477
3.5757428769979156 8.574245879844488
3.5786733842946497 8.541702230293966
3.5816038915913833 8.527377293156851
3.5845343988881173 8.51531337986477
3.587464906184851 8.44801773116818
3.590395413481585 8.504872771460875
3.5933259207783186 8.513729838757593
3.5962564280750526 8.496058191564677
3.5991869353717862 8.466913522087737
3.6021174426685203 8.486713347984987
3.605047949965254 8.453770900868092
3.607978457261988 8.449997327035833
3.6109089645587216 8.433090389051628
3.6138394718554556 8.42793741123772
3.6167699791521897 8.439973426301263
3.6197004864489233 8.41709195660201
3.6226309937456573 8.381450784579505
3.625 8.41853637175576
3.625561501042391 8.38742496785657
3.628492008339125 8.369413913509806
3.6314225156358586 8.388886784125873
3.6319444444444446 8.408366976280865
3.6343530229325927 8.38789643133205
3.6372835302293263 8.396715585586596
3.6402140375260603 8.37272673112461
3.643144544822794 8.37513877207848
3.646075052119528 8.358419426561513
3.6490055594162616 8.351701882452105
3.6519360667129956 8.305559823661525
3.6548665740097293 8.325975730444103
3.6577970813064633 8.300594937917934
3.660727588603197 8.31067799616313
3.663658095899931 8.330940778105596
3.666588603196665 8.304933401469585
3.6695191104933986 8.294000250345972
3.6724496177901327 8.290837579211548
3.6753801250868663 8.313465771987412
3.6783106323836003 8.268840999549777
3.681241139680334 8.278571726048405
3.684171646977068 8.267172746894525
3.6871021542738016 8.210370020667133
3.6900326615705357 8.262293040077672
3.6929631688672693 8.213124832298716
3.6958936761640033 8.189693567752952
3.698824183460737 8.234335713882649
3.701754690757471 8.184013119142364
3.7046851980542046 8.218383355750385
3.7076157053509387 8.1998985616699
3.7083334922790527 8.166983191749914
3.7105462126476723 8.151984920362585
3.7134767199444063 8.18619473002675
3.7152779367234974 8.17272579247781
3.71640722724114 8.1777094735759
3.719337734537874 8.177370266099775
3.722268241834608 8.200279647984127
3.7251987491313416 8.138746263522778
3.7281292564280757 8.15477860819989
3.7310597637248093 8.107261200230111
3.7339902710215434 8.15108434323947
3.736920778318277 8.144211409509678
3.739851285615011 8.108062538028573
3.7427817929117446 8.140582038121465
3.7457123002084787 8.144645507515438
3.7486428075052123 8.091756334973546
3.7515733148019463 8.150395113313415
3.75450382209868 8.0972574587299
3.757434329395414 8.078741824466325
3.7603648366921476 8.11638209379383
3.7632953439888817 8.092523654769273
3.7662258512856153 8.093152349864779
3.7691563585823493 7.99695220766073
3.7720868658790834 7.959601995207353
3.775017373175817 7.939791924004737
3.777947880472551 7.976426531895365
3.7808783877692846 7.972832988099505
3.7838088950660187 7.963975648208982
3.7867394023627523 7.917763550481788
3.7896699096594864 7.935937484663508
3.7916667461395264 7.903272993530719
3.79260041695622 7.957065661684814
3.795530924252954 7.943467567759291
3.7984614315496876 7.919538847355859
3.798611190583971 7.942010039685743
3.8013919388464217 7.959986586667061
3.8043224461431553 7.938592700986054
3.8072529534398893 7.890908346638709
3.810183460736623 7.934483592330771
3.813113968033357 7.939337659314033
3.8160444753300906 7.919662702313038
3.8189749826268247 7.952220565059733
3.8219054899235587 7.903192992382634
3.8248359972202923 7.936759651318695
3.8277665045170264 7.959686216022956
3.83069701181376 7.925688928830898
3.8334838 7.943382335128161
3.833627519110494 7.9475677464564445
3.8365580264072277 7.971711109377956
3.8394885337039617 7.988073406304344
3.8424190410006953 8.012589517935707
3.8453495482974294 8.045660347369553
3.848280055594163 8.056405846211884
3.851210562890897 8.061648698067382
3.8541410701876306 8.122128865454675
3.8570715774843647 8.12139921654909
3.8600020847810983 8.101136305020667
3.8629325920778323 8.154042473067804
3.865863099374566 8.172987673411335
3.8687936066713 8.188856558479221
3.8717241139680336 8.192523573270185
3.8746546212647677 8.195768283702149
3.875 8.23645908116962
3.8775851285615017 8.229218085769675
3.8805156358582353 8.261124187852191
3.8819444444444446 8.271656697570712
3.8834461431549694 8.277292789127609
3.886376650451703 8.280575122262434
3.889307157748437 8.264458550230431
3.8922376650451707 8.321793367662547
3.8951681723419047 8.33991348067903
3.8980986796386383 8.362826780079397
3.9010291869353724 8.34468061760385
3.903959694232106 8.352960327465834
3.90689020152884 8.397370188049956
3.9098207088255736 8.4336118015155
3.9127512161223077 8.41289987785518
3.9156817234190413 8.417908620355927
3.9186122307157754 8.382372017448958
3.921542738012509 8.44989562567867
3.924473245309243 8.422299355109734
3.927403752605977 8.457802490676098
3.9303342599027107 8.488252057199015
3.9332647671994447 8.508080253345742
3.9361952744961783 8.519684628076117
3.9391257817929124 8.52055127124481
3.942056289089646 8.523740247929144
3.94498679638638 8.471368564298334
3.9479173036831137 8.534733317009747
3.9508478109798477 8.577831996986847
3.9537783182765813 8.54618407909473
3.9567088255733154 8.56723582625408
3.9583334922790527 8.546501743880988
3.959639332870049 8.583173666277842
3.962569840166783 8.627978691281239
3.9652779367234974 8.586596547540683
3.9655003474635167 8.599650423411305
3.9684308547602507 8.665376611700967
3.9713613620569843 8.646971338107434
3.9742918693537184 8.631075124632876
3.9772223766504524 8.671671872265573
3.980152883947186 8.675631286114946
3.98308339124392 8.712442446209106
3.9860138985406537 8.701838520763328
3.9889444058373877 8.727511829305605
3.9918749131341213 8.71460783999205
3.9948054204308554 8.716250791631523
3.997735927727589 8.722773775230833
4.000666435024323 8.693486096775008
4.003596942321057 8.74777222340937
4.00652744961779 8.806604378385455
4.009457956914524 8.812280544377264
4.012388464211258 8.778383950562173
4.015318971507992 8.759392452246942
4.0182494788047265 8.79393722827059
4.02117998610146 8.838322188885543
4.024110493398194 8.806688095246582
4.027041000694927 8.780284450505118
4.029971507991661 8.836531547311205
4.032902015288395 8.837485012486265
4.035832522585129 8.835991032735922
4.0387630298818635 8.848138196900816
4.041666507720947 8.903165022358436
4.041693537178597 8.864853700071633
4.044624044475331 8.851295186159557
4.047554551772064 8.889309385260384
4.048610952165392 8.912719625722268
4.050485059068798 8.897262630586196
4.053415566365532 8.935493501503494
4.056346073662266 8.950308725023739
4.059276580959 8.906199141789651
4.062207088255734 8.911133757214541
4.065137595552468 8.943781114673643
4.068068102849201 8.948135949725872
4.070998610145935 8.966037458973807
4.073929117442669 8.998302177659353
4.076859624739402 9.001918503020528
4.079790132036137 9.013454528737324
4.082720639332871 9.031070630722175
4.085651146629605 9.01752579427216
4.088581653926338 9.033895509389419
4.091512161223072 9.028183631012515
4.094442668519806 9.040806211248917
4.097373175816539 9.062719350152648
4.100303683113274 9.041635325619545
4.103234190410007 9.075522953974591
4.106164697706742 9.09461561900204
4.1090952050034755 9.09071067239555
4.112025712300209 9.122582511826723
4.114956219596943 9.07404310335008
4.117886726893676 9.109848539219525
4.12081723419041 9.128091983354153
4.123747741487144 9.085483037562152
4.125 9.120440490891053
4.126678248783878 9.13883859119135
4.1296087560806125 9.156343833383438
4.131944444444445 9.188872040746336
4.132539263377346 9.158027084796933
4.13546977067408 9.128609530117702
4.138400277970813 9.153427857303644
4.141330785267547 9.196884886162007
4.144261292564281 9.18900873179804
4.147191799861015 9.188022597251857
4.1501223071577495 9.245083609913289
4.153052814454483 9.22697062132831
4.155983321751217 9.259226074383587
4.15891382904795 9.261495214397986
4.161844336344684 9.24018488134429
4.164774843641418 9.244699782739444
4.167705350938152 9.239111103866254
4.170635858234886 9.266517101856678
4.17356636553162 9.27823761453735
4.176496872828354 9.289869677491344
4.179427380125087 9.298491551923561
4.182357887421821 9.341584821029807
4.185288394718555 9.303899343443522
4.188218902015289 9.30996477515409
4.191149409312023 9.33510638657686
4.194079916608757 9.3061567722052
4.197010423905491 9.323187133493962
4.1999409312022244 9.308381219529762
4.202871438498958 9.344737750891829
4.205801945795692 9.33644478670145
4.2083330154418945 9.325936188895646
4.208732453092425 9.349669805341692
4.21166296038916 9.34429880630176
4.214593467685893 9.394099354112015
4.215277459886339 9.36875358738232
4.217523974982628 9.412740459469727
4.2204544822793615 9.396981977955196
4.223384989576095 9.375034502505924
4.226315496872829 9.403168697249033
4.229246004169562 9.393501061277156
4.232176511466296 9.373356422254059
4.23510701876303 9.420093865059991
4.238037526059765 9.407010176646537
4.2409680333564985 9.406147253736872
4.243898540653232 9.394495908353726
4.246829047949966 9.419917718970776
4.249759555246699 9.421711339728118
4.252690062543433 9.401882672629322
4.2556205698401675 9.434496680448515
4.258551077136901 9.430829010969354
4.261481584433636 9.442450227409985
4.264412091730369 9.46115380821896
4.267342599027103 9.44494981770125
4.270273106323836 9.463480659625521
4.27320361362057 9.487937771586678
4.276134120917304 9.486009379063615
4.279064628214038 9.438855386443711
4.281995135510772 9.463865098297669
4.284925642807506 9.483424596041498
4.28785615010424 9.433110735423037
4.290786657400973 9.488583802186268
4.291666507720947 9.462187543829305
4.293717164697707 9.504082478307039
4.296647671994441 9.490581722923142
4.298610952165392 9.509951157708109
4.299578179291175 9.509769114888597
4.302508686587909 9.47139254379476
4.305439193884643 9.490506601745386
4.308369701181377 9.533855734944947
4.3113002084781105 9.5044567048728
4.314230715774844 9.470180019607529
4.317161223071578 9.517539871241404
4.320091730368311 9.524295765178369
4.323022237665046 9.536023310486263
4.325952744961779 9.538127553264335
4.328883252258514 9.52767347579125
4.3318137595552475 9.528272226933478
4.33355324 9.517111723233166
4.334744266851981 9.514345042370573
4.337674774148715 9.481516698639535
4.340605281445448 9.472297155889365
4.343535788742183 9.475925772389129
4.346466296038916 9.428240934668853
4.349396803335651 9.415002341913686
4.3523273106323845 9.404094880971789
4.355257817929118 9.389428238871218
4.358188325225852 9.393109515125934
4.361118832522585 9.332503342158178
4.364049339819319 9.314205042051967
4.3669798471160535 9.270210988679985
4.369910354412787 9.323047686688831
4.372840861709522 9.291304217978958
4.375 9.271333856463931
4.375771369006255 9.277231594119968
4.378701876302989 9.247095790494452
4.381632383599722 9.291189045591164
4.381944444444445 9.265453491411687
4.384562890896456 9.245987273335688
4.38749339819319 9.238518029448596
4.390423905489924 9.23547495642377
4.393354412786659 9.185726847543728
4.396284920083392 9.16521179916835
4.399215427380126 9.171218217675284
4.402145934676859 9.140915137717617
4.405076441973593 9.150878053931917
4.408006949270327 9.088574827949277
4.410937456567061 9.098870056590924
4.413867963863795 9.05539578366391
4.416798471160529 9.069786931767611
4.419728978457263 9.072647387030532
4.4226594857539965 9.02475124938679
4.42558999305073 9.00760632317916
4.428520500347464 9.008788907063025
4.431451007644197 8.973172973187829
4.434381514940932 8.968600971420404
4.437312022237665 8.987648574001474
4.4402425295344 8.938078609274124
4.4431730368311335 8.944612288600814
4.446103544127867 8.937375791434183
4.449034051424601 8.924877592563654
4.451964558721334 8.90194250161232
4.454895066018069 8.914757152906862
4.4578255733148024 8.84330911378714
4.4583330154418945 8.892559238722077
4.460756080611537 8.892130339295939
4.4636865879082706 8.86807552831203
4.465277459886339 8.857881758038177
4.466617095205004 8.891870292151134
4.469547602501738 8.878576795755798
4.472478109798471 8.859515650619164
4.475408617095205 8.856798738083368
4.4783391243919395 8.800429277975798
4.481269631688673 8.794311874172182
4.484200138985408 8.788291778660968
4.487130646282141 8.774365532666966
4.490061153578875 8.74960868848728
4.492991660875608 8.765649611476068
4.495922168172342 8.738606604504545
4.4988526754690765 8.733026381378663
4.50178318276581 8.709472762895135
4.504713690062545 8.693051085318888
4.507644197359278 8.700604670400738
4.510574704656012 8.686884582587997
4.5135052119527455 8.614285971915232
4.516435719249479 8.663661705297056
4.519366226546213 8.638804838873025
4.522296733842947 8.660466657387952
4.525227241139681 8.627153876744574
4.528157748436415 8.59324502744943
4.531088255733149 8.57387272970963
4.5340187630298825 8.618535494703625
4.536949270326616 8.604565502030985
4.53987977762335 8.573244549989749
4.541666507720947 8.544288369251937
4.542810284920083 8.580114571875603
4.545740792216818 8.559023529522205
4.548610952165392 8.546445673082257
4.548671299513552 8.551887619294044
4.551601806810286 8.590563288250138
4.5545323141070195 8.537714609037879
4.557462821403753 8.517161820161524
4.560393328700487 8.535277874254165
4.56332383599722 8.501418595641768
4.566254343293955 8.53856231639122
4.5691848505906885 8.493137220848626
4.572115357887423 8.49022236434904
4.575045865184157 8.486287316275773
4.57797637248089 8.498707949638186
4.580906879777624 8.42918760336531
4.583837387074357 8.448313267302677
4.586767894371091 8.423721272476875
4.5896984016678255 8.41775199285319
4.592628908964559 8.427958571476948
4.595559416261294 8.413882016533782
4.598489923558027 8.403624963726001
4.601420430854761 8.407768970880783
4.604350938151494 8.395513766344592
4.607281445448228 8.35219568219949
4.6102119527449625 8.34955173899215
4.613142460041697 8.360361562728906
4.616072967338431 8.372343522842295
4.619003474635164 8.339995189155712
4.621933981931898 8.289221024015802
4.6248644892286315 8.353088579206997
4.625 8.338253818754362
4.627794996525365 8.334111399990773
4.630725503822099 8.288886706233548
4.631944444444445 8.331609546153087
4.633656011118832 8.323199491811675
4.636586518415568 8.32508245219958
4.639517025712301 8.275078638031223
4.642447533009035 8.294132083648757
4.6453780403057685 8.253843713126109
4.648308547602502 8.276227425527205
4.651239054899236 8.23777207974555
4.654169562195969 8.281332286849606
4.657100069492705 8.214015295231492
4.660030576789438 8.21709388406264
4.662961084086172 8.234127746153241
4.6658915913829055 8.228102096304328
4.668822098679639 8.190052286129065
4.671752605976373 8.187738578329858
4.674683113273106 8.201313754860077
4.67761362056984 8.21803604591623
4.680544127866575 8.21331224208265
4.683474635163309 8.162019903093604
4.686405142460043 8.17855430777142
4.689335649756776 8.15109178411676
4.69226615705351 8.136829762811965
4.695196664350243 8.160113064958214
4.698127171646977 8.14359630538009
4.701057678943712 8.160286535153404
4.703988186240446 8.11241363260398
4.70691869353718 8.15623979030359
4.7083330154418945 8.135285648925594
4.709849200833913 8.115810650139762
4.712779708130647 8.129766509713141
4.715277459886339 8.084602527032594
4.7157102154273804 8.12775563414316
4.718640722724114 8.095113777232674
4.721571230020848 8.079601843230146
4.724501737317583 8.079913657910579
4.727432244614317 8.067525828033489
4.73036275191105 8.093816079359025
4.733293259207784 8.090481312506677
4.7362237665045175 8.06635531380515
4.739154273801251 8.04452119433003
4.742084781097985 8.073142520471418
4.745015288394718 8.08232696112534
4.747945795691454 8.055086290089328
4.750876302988187 8.037786984157734
4.753806810284921 8.053329573651482
4.7567373175816545 7.98689373360756
4.759667824878388 8.052773508464233
4.762598332175122 8.029583779740094
4.765528839471855 8.032925373487803
4.768459346768591 7.999470741128984
4.771389854065324 8.011542269996317
4.774320361362058 7.982940409749006
4.777250868658792 7.988246331316731
4.780181375955525 8.080751334574133
4.783111883252259 8.003851005600914
4.786042390548992 7.98051331570127
4.788972897845726 7.980913800163105
4.791666507720947 7.96256569870218
4.791903405142461 7.990283795376087
4.794833912439195 8.005227937230579
4.797764419735929 7.99804475639251
4.798610952165392 8.023869478703029
4.800694927032662 8.00141650703525
4.803625434329396 7.9906014223536195
4.806555941626129 7.973391903470082
4.809486448922863 7.980550176352611
4.812416956219598 7.978384374874246
4.815347463516332 8.000881158946106
4.818277970813066 7.992122578012424
4.821208478109799 7.972917580462085
4.824138985406533 8.018475703372594
4.8270694927032665 7.9553168605541655
4.83 8.000516574899626
